300.5	0.000095000001465451
301	0.000095000001465451
301.5	0.000095000001465451
302	0.000095000001465451
302.5	0.000095000001465451
303	0.000095000001465451
303.5	0.000095000001465451
304	0.000095000001465451
304.5	0.000095000001465451
305	0.000095000001465451
305.5	0.000095000001465451
306	0.000095000001465451
306.5	0.000095000001465451
307	0.000095000001465451
307.5	0.000095000001465451
308	0.000095000001465451
308.5	0.000095000001465451
309	0.000095000001465451
309.5	0.000095000001465451
310	0.000095000001465451
310.5	0.000095000001465451
311	0.000095000001465451
311.5	0.000095000001465451
312	0.000095000001465451
312.5	0.000095000001465451
313	0.000095000001465451
313.5	0.000095000001465451
314	0.000095000001465451
314.5	0.000095000001465451
315	0.000095000001465451
315.5	0.000095000001465451
316	0.000095000001465451
316.5	0.000095000001465451
317	0.000095000001465451
317.5	0.000095000001465451
318	0.000095000001465451
318.5	0.000095000001465451
319	0.000095000001465451
319.5	0.000095000001465451
320	0.000095000001465451
320.5	0.000095000001465451
321	0.000095000001465451
321.5	0.000098279394933343
322	0.000095000001465451
322.5	0.000095000001465451
323	0.000095000001465451
323.5	0.00013201399724494
324	0.000095000001465451
324.5	0.000095000001465451
325	0.000095000001465451
325.5	0.000095000001465451
326	0.000095000001465451
326.5	0.000095000001465451
327	0.000095000001465451
327.5	0.000095000001465451
328	0.000095000001465451
328.5	0.000095000001465451
329	0.000095000001465451
329.5	0.000095000001465451
330	0.000095000001465451
330.5	0.000095000001465451
331	0.000095000001465451
331.5	0.000095000001465451
332	0.000095000001465451
332.5	0.000095000001465451
333	0.000095000001465451
333.5	0.000095000001465451
334	0.000095000001465451
334.5	0.000095000001465451
335	0.000095000001465451
335.5	0.000095000001465451
336	0.000095000001465451
336.5	0.000095000001465451
337	0.000095000001465451
337.5	0.000095000001465451
338	0.000095000001465451
338.5	0.000095000001465451
339	0.000095000001465451
339.5	0.000095000001465451
340	0.000095000001465451
340.5	0.000095000001465451
341	0.000095000001465451
341.5	0.000095000001465451
342	0.000095000001465451
342.5	0.000095000001465451
343	0.000095000001465451
343.5	0.000095000001465451
344	0.000095000001465451
344.5	0.000095000001465451
345	0.000095000001465451
345.5	0.000095000001465451
346	0.000095000001465451
346.5	0.000095000001465451
347	0.000095000001465451
347.5	0.000095000001465451
348	0.000095000001465451
348.5	0.000095000001465451
349	0.000095000001465451
349.5	0.000095000001465451
350	0.000095000001465451
350.5	0.00014538100003847
351	0.00038558000596822
351.5	0.00067535102061811
352	0.00067335099629418
352.5	0.00036041299154022
353	0.00017109199461629
353.5	0.000095000001465451
354	0.000095000001465451
354.5	0.000095000001465451
355	0.00011174199698871
355.5	0.00029736099804722
356	0.00035923499126511
356.5	0.0004017610081064
357	0.00029720299608016
357.5	0.00019157500901200998
358	0.000095000001465451
358.5	0.000095000001465451
359	0.000095000001465451
359.5	0.000095000001465451
360	0.000095000001465451
360.5	0.00014074099681238
361	0.00011346800192768999
361.5	0.000095000001465451
362	0.000095000001465451
362.5	0.000095000001465451
363	0.000095000001465451
363.5	0.000095000001465451
364	0.000095000001465451
364.5	0.000095000001465451
365	0.000095000001465451
365.5	0.000095000001465451
366	0.0001423670028089
366.5	0.00020821701127716002
367	0.00015323699926739
367.5	0.000095000001465451
368	0.000095000001465451
368.5	0.000095000001465451
369	0.000095000001465451
369.5	0.000095000001465451
370	0.000095000001465451
370.5	0.000095000001465451
371	0.000095000001465451
371.5	0.000095000001465451
372	0.000095000001465451
372.5	0.000095000001465451
373	0.000095000001465451
373.5	0.000095000001465451
374	0.000095000001465451
374.5	0.000095000001465451
375	0.000095000001465451
375.5	0.000095000001465451
376	0.000095000001465451
376.5	0.000095000001465451
377	0.000095000001465451
377.5	0.000095000001465451
378	0.000095000001465451
378.5	0.000095000001465451
379	0.000095000001465451
379.5	0.000095000001465451
380	0.000095000001465451
380.5	0.000095000001465451
381	0.000095000001465451
381.5	0.000095000001465451
382	0.000095000001465451
382.5	0.000095000001465451
383	0.000095000001465451
383.5	0.000095000001465451
384	0.000095000001465451
384.5	0.000095000001465451
385	0.000095000001465451
385.5	0.000095000001465451
386	0.000095000001465451
386.5	0.000095000001465451
387	0.000095000001465451
387.5	0.000095000001465451
388	0.000095000001465451
388.5	0.000095000001465451
389	0.000095000001465451
389.5	0.000095000001465451
390	0.000095000001465451
390.5	0.000095000001465451
391	0.000095000001465451
391.5	0.000095000001465451
392	0.000095000001465451
392.5	0.000095000001465451
393	0.000095000001465451
393.5	0.000095000001465451
394	0.000095000001465451
394.5	0.000095000001465451
395	0.000095000001465451
395.5	0.000095000001465451
396	0.000095000001465451
396.5	0.000095000001465451
397	0.000095000001465451
397.5	0.000095000001465451
398	0.000095000001465451
398.5	0.000095000001465451
399	0.000095000001465451
399.5	0.000095000001465451
400	0.000095000001465451
400.5	0.000095000001465451
401	0.000095000001465451
401.5	0.000095000001465451
402	0.000095000001465451
402.5	0.000095000001465451
403	0.000095000001465451
403.5	0.000095000001465451
404	0.000095000001465451
404.5	0.000095000001465451
405	0.000095000001465451
405.5	0.000095000001465451
406	0.000095000001465451
406.5	0.000095000001465451
407	0.000095000001465451
407.5	0.000095000001465451
408	0.000095000001465451
408.5	0.000095000001465451
409	0.000095000001465451
409.5	0.000095000001465451
410	0.000095000001465451
410.5	0.000095000001465451
411	0.000095000001465451
411.5	0.000095000001465451
412	0.000095000001465451
412.5	0.000095000001465451
413	0.000095000001465451
413.5	0.000095000001465451
414	0.000095000001465451
414.5	0.000095000001465451
415	0.000095000001465451
415.5	0.000095000001465451
416	0.000095000001465451
416.5	0.000095000001465451
417	0.000095000001465451
417.5	0.000095000001465451
418	0.000095000001465451
418.5	0.000095000001465451
419	0.000095000001465451
419.5	0.000095000001465451
420	0.000095000001465451
420.5	0.000095000001465451
421	0.000095000001465451
421.5	0.000095000001465451
422	0.000095000001465451
422.5	0.000095000001465451
423	0.000095000001465451
423.5	0.000095000001465451
424	0.000095000001465451
424.5	0.000095000001465451
425	0.000095000001465451
425.5	0.000095000001465451
426	0.000095000001465451
426.5	0.000095000001465451
427	0.000095000001465451
427.5	0.000095000001465451
428	0.000095000001465451
428.5	0.000095000001465451
429	0.000095000001465451
429.5	0.000095000001465451
430	0.000095000001465451
430.5	0.000095000001465451
431	0.000095000001465451
431.5	0.000095000001465451
432	0.000095000001465451
432.5	0.000095000001465451
433	0.000095000001465451
433.5	0.000095000001465451
434	0.000095000001465451
434.5	0.000095000001465451
435	0.000095000001465451
435.5	0.000095000001465451
436	0.000095000001465451
436.5	0.000095000001465451
437	0.000095000001465451
437.5	0.000095000001465451
438	0.000095000001465451
438.5	0.000095000001465451
439	0.000095000001465451
439.5	0.000095000001465451
440	0.000095000001465451
440.5	0.000095000001465451
441	0.000095000001465451
441.5	0.000095000001465451
442	0.000095000001465451
442.5	0.000095000001465451
443	0.000095000001465451
443.5	0.000095000001465451
444	0.000095000001465451
444.5	0.000095000001465451
445	0.000095000001465451
445.5	0.000095000001465451
446	0.000095000001465451
446.5	0.000095000001465451
447	0.000095000001465451
447.5	0.000095000001465451
448	0.000095000001465451
448.5	0.000095000001465451
449	0.000095000001465451
449.5	0.000095000001465451
450	0.000095000001465451
450.5	0.000095000001465451
451	0.000095000001465451
451.5	0.000095000001465451
452	0.000095000001465451
452.5	0.000095000001465451
453	0.000095000001465451
453.5	0.000095000001465451
454	0.000095000001465451
454.5	0.000095000001465451
455	0.000095000001465451
455.5	0.000095000001465451
456	0.000095000001465451
456.5	0.000095000001465451
457	0.000095000001465451
457.5	0.000095000001465451
458	0.000095000001465451
458.5	0.000095000001465451
459	0.000095000001465451
459.5	0.000095000001465451
460	0.000095000001465451
460.5	0.00010891400279434
461	0.000095000001465451
461.5	0.000095000001465451
462	0.000095000001465451
462.5	0.00019558099211281
463	0.00026970499220623997
463.5	0.00011883299748661001
464	0.000095000001465451
464.5	0.000095000001465451
465	0.000095000001465451
465.5	0.000095000001465451
466	0.00011484900142022999
466.5	0.0004801509930985
467	0.00068292702053441
467.5	0.00036790399917663
468	0.000095000001465451
468.5	0.00037668000913982
469	0.0010887900316447002
469.5	0.0011269799870206
470	0.00042894098442048
470.5	0.000095000001465451
471	0.000095000001465451
471.5	0.000095000001465451
472	0.000095000001465451
472.5	0.00021459300114657002
473	0.002381689955655
473.5	0.0055184998927871
474	0.0048732301365817
474.5	0.0016395100828959
475	0.000095000001465451
475.5	0.000095000001465451
476	0.000095000001465451
476.5	0.00015698800552855
477	0.0014998499864305001
477.5	0.015307900321204002
478	0.036526599433273
478.5	0.033934900420718
479	0.013169400335755001
479.5	0.0028331800422166
480	0.0056691198551562004
480.5	0.040807700133882005
481	0.16217000083997998
481.5	0.23187699262053
482	0.14017700450495
482.5	0.041778301238082
483	0.027709201094694002
483.5	0.048278301255777
484	0.18262499943375998
484.5	0.9300529956817599
485	2.2197499871254
485.5	2.5971600785851
486	1.7635000869632
486.5	1.4246899634599999
487	2.7558999136090003
487.5	7.0473700761795
488	12.372999638319
488.5	14.246700704098
489	12.656100094318
489.5	13.16329985857
490	19.774399697781
490.5	34.873101115227
491	54.73840236663799
491.5	70.980399847031
492	78.68720293045
492.5	83.013498783112
493	88.99270296096799
493.5	94.099897146225
494	97.130697965622
494.5	98.206698894501
495	98.406702280045
495.5	98.422801494598
496	98.29760193824801
496.5	98.57439994811999
497	98.324900865555
497.5	98.609799146652
498	98.622000217438
498.5	98.50350022316
499	98.694801330566
499.5	98.67179989814801
500	98.613399267197
500.5	98.73960018158
501	98.676401376724
501.5	98.47319722175601
502	98.296099901199
502.5	98.612898588181
503	98.663502931595
503.5	98.834002017975
504	98.473298549652
504.5	98.46569895744301
505	98.831397294998
505.5	98.371398448944
506	98.54040145874
506.5	98.392200469971
507	98.62520098686201
507.5	98.493802547455
508	98.470497131348
508.5	98.427700996399
509	98.46289753913901
509.5	98.527699708939
510	98.360699415207
510.5	98.67929816246
511	98.593097925186
511.5	98.438400030136
512	98.47440123558
512.5	98.562997579575
513	98.522001504898
513.5	98.46090078353899
514	98.42209815979
514.5	98.482400178909
515	98.653298616409
515.5	98.56489896774299
516	98.308801651001
516.5	98.318701982498
517	98.391401767731
517.5	98.501998186111
518	98.531299829483
518.5	98.345500230789
519	98.425197601318
519.5	98.481100797653
520	98.297297954559
520.5	98.477202653885
521	98.397099971771
521.5	98.469799757004
522	98.668599128723
522.5	98.462498188019
523	98.245799541473
523.5	98.395001888275
524	98.031902313232
524.5	98.311400413513
525	97.900897264481
525.5	97.913497686386
526	97.79930114746101
526.5	98.173397779465
527	97.60230183601401
527.5	97.636300325394
528	97.42640256881701
528.5	97.53999710083
529	97.72099852561999
529.5	98.00369739532499
530	98.110997676849
530.5	97.85839915275601
531	97.791397571564
531.5	98.074698448181
532	98.055797815323
532.5	97.83669710159299
533	97.878497838974
533.5	98.155397176743
534	97.985601425171
534.5	98.19039702415499
535	98.192799091339
535.5	98.369997739792
536	98.192602396011
536.5	98.006397485733
537	97.939598560333
537.5	98.087000846863
538	98.160398006439
538.5	98.070400953293
539	98.062598705292
539.5	98.074597120285
540	97.849202156067
540.5	97.88780212402301
541	97.6213991642
541.5	97.29899764061
542	97.261297702789
542.5	97.309499979019
543	97.23749756813001
543.5	97.379899024963
544	97.387701272964
544.5	97.36989736557
545	97.186499834061
545.5	97.227001190186
546	96.979701519012
546.5	97.185498476028
547	97.300601005554
547.5	97.34680056572
548	97.16010093689
548.5	96.674197912216
549	96.460902690887
549.5	96.343600749969
550	96.349400281906
550.5	97.035002708435
551	97.041797637939
551.5	97.536998987198
552	97.617000341415
552.5	97.55619764328
553	97.265899181366
553.5	96.806800365448
554	96.949899196625
554.5	96.73569798469501
555	97.141599655151
555.5	97.143399715424
556	97.634702920914
556.5	97.811198234558
557	97.637802362442
557.5	97.722101211548
558	97.84340262413001
558.5	97.747999429703
559	97.50480055809
559.5	97.58020043373101
560	97.361099720001
560.5	97.04440236091601
561	96.805500984192
561.5	96.41600251197801
562	95.85189819335899
562.5	95.25780081749001
563	94.537198543549
563.5	94.453901052475
564	94.530099630356
564.5	94.470399618149
565	94.674998521805
565.5	94.38350200653099
566	93.87909770011899
566.5	92.496901750565
567	90.841901302338
567.5	89.402598142624
568	88.895702362061
568.5	88.43640089035
569	88.46979737281801
569.5	88.864099979401
570	88.720798492432
570.5	89.11560177803
571	89.633798599243
571.5	90.117800235748
572	89.656400680542
572.5	85.149097442627
573	74.65630173683199
573.5	60.085201263428004
574	44.696199893951
574.5	32.54379928112
575	24.311299622059
575.5	19.171799719334
576	16.005100309849
576.5	13.706299662589998
577	11.359000205994
577.5	8.6780600249767
578	5.8904200792312995
578.5	3.7009298801422
579	2.2541100159287
579.5	1.3805899769068
580	0.90951500460505
580.5	0.63686301000416
581	0.47392901033163004
581.5	0.37671399768442
582	0.31370599754155
582.5	0.26666200719773997
583	0.23109300527722
583.5	0.19199199741706
584	0.15340599929914
584.5	0.11600600555539001
585	0.083209201693535
585.5	0.059652200434357004
586	0.042137800483033
586.5	0.030430100741796
587	0.022859699674882
587.5	0.017776699678507
588	0.014289100363385
588.5	0.011668699880829
589	0.009782490087673101
589.5	0.0081346399383619
590	0.006815670349169499
590.5	0.0055994900321821
591	0.0047535500925733
591.5	0.0038333699194482004
592	0.0032037798519013003
592.5	0.0025490000552963
593	0.0021090500013088
593.5	0.001837720083131
594	0.0016038999092416002
594.5	0.0013854400094715
595	0.0012971599971933999
595.5	0.0012260999938007
596	0.0012507700375863
596.5	0.0012670099749811999
597	0.0013147800018487
597.5	0.0014151800314721
598	0.0015022000297904
598.5	0.0017084499631892
599	0.0018236500181956
599.5	0.0019577999410103
600	0.0019316599718877
600.5	0.0019545999748516
601	0.0018856799215427999
601.5	0.0017488400771981001
602	0.0017862199456430998
602.5	0.0017554799342179
603	0.0018452299627825
603.5	0.0019408800653764
604	0.0021592599296127
604.5	0.0023806700482965
605	0.0025291099518654
605.5	0.0026091900508618
606	0.00247991993092
606.5	0.0022140800865600003
607	0.0019280099877506001
607.5	0.0016271000276902
608	0.0014712900338054
608.5	0.0012405000234139
609	0.0011786100003519
609.5	0.0011628099855443001
610	0.0012255400179129
610.5	0.0013439500435197
611	0.0015773899576743001
611.5	0.0020001600205433
612	0.002830370067386
612.5	0.0040870600059861
613	0.0058165500377072
613.5	0.0071952999860514
614	0.007342739991145201
614.5	0.0060031099565094
615	0.0043216201447649006
615.5	0.0030417499147006
616	0.0023118600438465
616.5	0.0018572100088932
617	0.0015590600014548
617.5	0.001372970018565
618	0.0013568999747804
618.5	0.0013099000170769001
619	0.0012202000107209
619.5	0.0011340000128257
620	0.0010045299859485
620.5	0.0008367889677174399
621	0.00070518299253308
621.5	0.00058609398365661
622	0.00047567800720571996
622.5	0.00042583001231833
623	0.00032968400773825
623.5	0.00031753299936099
624	0.00032293501135428
624.5	0.00033343299037369
625	0.00037413499285321
625.5	0.0004431979959918
626	0.0004426420218806
626.5	0.00050880198614323
627	0.00043557001845329004
627.5	0.00038105499697849
628	0.00031028200737637
628.5	0.00024702198970772
629	0.00016919700556173
629.5	0.00012358300409687
630	0.00010859299663935001
630.5	0.000095000001465451
631	0.000095000001465451
631.5	0.000095000001465451
632	0.000095000001465451
632.5	0.000095000001465451
633	0.000095000001465451
633.5	0.000095000001465451
634	0.000095000001465451
634.5	0.000095000001465451
635	0.000095000001465451
635.5	0.000095000001465451
636	0.000095000001465451
636.5	0.000095000001465451
637	0.000095000001465451
637.5	0.000095000001465451
638	0.000095000001465451
638.5	0.000095000001465451
639	0.000095000001465451
639.5	0.000095000001465451
640	0.000095000001465451
640.5	0.000095000001465451
641	0.00010541300525801
641.5	0.00010971300525852999
642	0.00013837500318914
642.5	0.00015298800235541
643	0.00021406499399744997
643.5	0.00026265699943906
644	0.00033737599096639
644.5	0.00043071299842268
645	0.00050115600060963
645.5	0.00053449298320629
646	0.0005099870122649
646.5	0.00050170301619801
647	0.00042763599594763995
647.5	0.00037204299587756
648	0.00036262599678594
648.5	0.00034654099181353
649	0.00032486200325366
649.5	0.00030428700483753
650	0.00028628201107495
650.5	0.00029586799428216
651	0.00025549300062266
651.5	0.0002453220076859
652	0.00022883800738782
652.5	0.00022047399852454002
653	0.00022898100269231
653.5	0.00018613700376590998
654	0.00018308500102648
654.5	0.00018769400185192
655	0.00018599099576022
655.5	0.00020075999600522
656	0.0002265049943162
656.5	0.00025095400815189
657	0.00025837000521278
657.5	0.00029581799481093
658	0.00039800202102924004
658.5	0.00042492101783863994
659	0.00048958299885271
659.5	0.00047327698666776996
660	0.00050704998102447
660.5	0.00044390899347491005
661	0.000379139009965
661.5	0.00032378600280936
662	0.0003096100044786
662.5	0.00027768899144575996
663	0.00025735500912560003
663.5	0.00025166900741169
664	0.00024335299713129998
664.5	0.00024908499653975003
665	0.0002558419964771
665.5	0.00028826700599893
666	0.00030959299692768
666.5	0.00032054599614639
667	0.0002783619947877
667.5	0.00027668199891195004
668	0.00022083199837653
668.5	0.00018016500007434
669	0.00015891999964879
669.5	0.0001279520006392
670	0.00011364500096533
670.5	0.000095000001465451
671	0.000097419001576782
671.5	0.000095000001465451
672	0.000095000001465451
672.5	0.000095000001465451
673	0.000095000001465451
673.5	0.000095000001465451
674	0.000095000001465451
674.5	0.000095000001465451
675	0.000095000001465451
675.5	0.000095000001465451
676	0.000095000001465451
676.5	0.000095000001465451
677	0.000095000001465451
677.5	0.000095000001465451
678	0.000095000001465451
678.5	0.000095000001465451
679	0.000095000001465451
679.5	0.000095000001465451
680	0.000095000001465451
680.5	0.000095000001465451
681	0.000095000001465451
681.5	0.000095000001465451
682	0.000095000001465451
682.5	0.000095000001465451
683	0.000095000001465451
683.5	0.000095000001465451
684	0.000095000001465451
684.5	0.00010733599538071
685	0.00012000200513285
685.5	0.000095000001465451
686	0.0001142809992416
686.5	0.000095000001465451
687	0.000095000001465451
687.5	0.00011146599945278001
688	0.00012092400538677
688.5	0.00012829000297643
689	0.00012248200391696
689.5	0.00014236300103221
690	0.00016314399999828
690.5	0.00018494599771657
691	0.00019839999367831997
691.5	0.00021986400042806
692	0.00032561799798714
692.5	0.00038515399864991
693	0.00040242198338092
693.5	0.00048109300223586995
694	0.0005514059921552
694.5	0.00061504601944762
695	0.00056533399401815
695.5	0.00055910099945322
696	0.00056129101722036
696.5	0.00058992900449084
697	0.00051427300604701
697.5	0.00061574201026815
698	0.00056106900956365
698.5	0.00059051999414805
699	0.0006457560175476799
699.5	0.00070393698479165
700	0.0007128619927243599
700.5	0.00065540698415134
701	0.00064535202000116
701.5	0.00055761302064639
702	0.0005130370027473
702.5	0.00047520102270937
703	0.00037444999634317
703.5	0.00033502799396956
704	0.00033779499517550004
704.5	0.00034415299978718
705	0.00033232599889743
705.5	0.00031806800961931
706	0.00032918999295362
706.5	0.0003628020067481
707	0.00042773999666679
707.5	0.00052809500630246
708	0.00063771899476706
708.5	0.0006897239927639
709	0.0007254489901242799
709.5	0.00067730597947957
710	0.00060293100432318
710.5	0.00052610698730859
711	0.00043427598939161
711.5	0.00036016199373989003
712	0.00033531300687173
712.5	0.00027690800834534
713	0.00027978799153061
713.5	0.00021682799342669998
714	0.00023364400476566998
714.5	0.00024793100692477
715	0.00020809000034205
715.5	0.00023798800157238002
716	0.0002523039938751
716.5	0.00026436300686328
717	0.00024376299734285998
717.5	0.00023679599507886
718	0.00024000698886084002
718.5	0.00017836699726104
719	0.00014994700450188
719.5	0.00012008199519187001
720	0.000095000001465451
720.5	0.000095000001465451
721	0.000095000001465451
721.5	0.000095000001465451
722	0.000095000001465451
722.5	0.000095000001465451
723	0.000095000001465451
723.5	0.000095000001465451
724	0.000095000001465451
724.5	0.00010157799579247
725	0.00009884699920803499
725.5	0.00010013400242315
726	0.00010305800515198
726.5	0.00015176200349742
727	0.00017560900005265
727.5	0.00017768199995771
728	0.00018751900370262
728.5	0.00014694800256620998
729	0.00010317500027667999
729.5	0.0001122019966715
730	0.00012450200301828
730.5	0.000095000001465451
731	0.000095000001465451
731.5	0.000095000001465451
732	0.000095000001465451
732.5	0.000095000001465451
733	0.000095000001465451
733.5	0.000095000001465451
734	0.000095000001465451
734.5	0.000095000001465451
735	0.000095000001465451
735.5	0.000095000001465451
736	0.000095000001465451
736.5	0.000095000001465451
737	0.000095000001465451
737.5	0.000095000001465451
738	0.000095000001465451
738.5	0.000095000001465451
739	0.000095000001465451
739.5	0.000095000001465451
740	0.000095000001465451
740.5	0.000095000001465451
741	0.000095000001465451
741.5	0.000095000001465451
742	0.000095000001465451
742.5	0.000095000001465451
743	0.000095000001465451
743.5	0.000095000001465451
744	0.000095000001465451
744.5	0.000095000001465451
745	0.000095000001465451
745.5	0.000095000001465451
746	0.000095000001465451
746.5	0.000095000001465451
747	0.000095000001465451
747.5	0.000095000001465451
748	0.000095000001465451
748.5	0.000095000001465451
749	0.000095000001465451
749.5	0.000095000001465451
750	0.000095000001465451
750.5	0.000099102601325285
751	0.000095000001465451
751.5	0.000095000001465451
752	0.000095000001465451
752.5	0.000095000001465451
753	0.000095000001465451
753.5	0.000095000001465451
754	0.000095000001465451
754.5	0.000095000001465451
755	0.000095000001465451
755.5	0.000095000001465451
756	0.000095000001465451
756.5	0.000095000001465451
757	0.000095000001465451
757.5	0.000095000001465451
758	0.000095000001465451
758.5	0.000095000001465451
759	0.000095000001465451
759.5	0.000095000001465451
760	0.000095000001465451
760.5	0.000095000001465451
761	0.000095000001465451
761.5	0.000095000001465451
762	0.00011187099744348
762.5	0.000095000001465451
763	0.00014084399708736
763.5	0.000095000001465451
764	0.000095000001465451
764.5	0.000095000001465451
765	0.000095000001465451
765.5	0.00014968200048315
766	0.00011832700010928
766.5	0.000095000001465451
767	0.00010398099448139001
767.5	0.00010628499467202
768	0.00021140299395483
768.5	0.00025914700927387
769	0.00036490700949798
769.5	0.00049217801461054
770	0.0007027169885987
770.5	0.0007711069883953301
771	0.00057397401178605
771.5	0.0003293509962532
772	0.00022258000171859998
772.5	0.00020087300072190999
773	0.00015461399698324
773.5	0.00011224600484638001
774	0.000095000001465451
774.5	0.000095000001465451
775	0.00011188500366188
775.5	0.000095000001465451
776	0.000095000001465451
776.5	0.000095000001465451
777	0.000095000001465451
777.5	0.000095000001465451
778	0.000095000001465451
778.5	0.000095000001465451
779	0.000095000001465451
779.5	0.000095000001465451
780	0.000095000001465451
780.5	0.000095000001465451
781	0.000095000001465451
781.5	0.000095000001465451
782	0.000095000001465451
782.5	0.000095000001465451
783	0.000095000001465451
783.5	0.000095000001465451
784	0.000095000001465451
784.5	0.000095000001465451
785	0.000095000001465451
785.5	0.000095000001465451
786	0.000095000001465451
786.5	0.000095000001465451
787	0.000095000001465451
787.5	0.000095000001465451
788	0.000095000001465451
788.5	0.000095000001465451
789	0.000095000001465451
789.5	0.000095000001465451
790	0.000095000001465451
790.5	0.000095000001465451
791	0.000095000001465451
791.5	0.000095000001465451
792	0.000095000001465451
792.5	0.000095000001465451
793	0.000095000001465451
793.5	0.00016280499721688
794	0.000095000001465451
794.5	0.00010622700301610001
795	0.0001133910018325
795.5	0.000095000001465451
796	0.00014601099564970002
796.5	0.00012754600220433
797	0.00016279500414384998
797.5	0.00022847900709166002
798	0.00016560700260014998
798.5	0.00020678899090854
799	0.00012520299605967
799.5	0.00018231299918625
800	0.000095000001465451
800.5	0.000095000001465451
801	0.000095000001465451
801.5	0.000095000001465451
802	0.000095000001465451
802.5	0.000095000001465451
803	0.000095000001465451
803.5	0.000095000001465451
804	0.000095000001465451
804.5	0.000095000001465451
805	0.000095000001465451
805.5	0.000095000001465451
806	0.000095000001465451
806.5	0.000095000001465451
807	0.000095000001465451
807.5	0.000095000001465451
808	0.000095000001465451
808.5	0.000095000001465451
809	0.000095000001465451
809.5	0.000095000001465451
810	0.000095000001465451
810.5	0.000095000001465451
811	0.000095000001465451
811.5	0.000095000001465451
812	0.000095000001465451
812.5	0.000095000001465451
813	0.000095000001465451
813.5	0.000095000001465451
814	0.000095000001465451
814.5	0.000095000001465451
815	0.000095000001465451
815.5	0.000095000001465451
816	0.000095000001465451
816.5	0.000095000001465451
817	0.000095000001465451
817.5	0.000095000001465451
818	0.000095000001465451
818.5	0.000095000001465451
819	0.000095000001465451
819.5	0.000095000001465451
820	0.000095000001465451
820.5	0.000095000001465451
821	0.000095000001465451
821.5	0.000095000001465451
822	0.000095000001465451
822.5	0.000095000001465451
823	0.000095000001465451
823.5	0.000095000001465451
824	0.000095000001465451
824.5	0.000095000001465451
825	0.000095000001465451
825.5	0.000095000001465451
826	0.000095000001465451
826.5	0.000095000001465451
827	0.000095000001465451
827.5	0.000095000001465451
828	0.000095000001465451
828.5	0.000095000001465451
829	0.000095000001465451
829.5	0.000095000001465451
830	0.000095000001465451
830.5	0.000095000001465451
831	0.000095000001465451
831.5	0.000095000001465451
832	0.000095000001465451
832.5	0.000095000001465451
833	0.000095000001465451
833.5	0.000095000001465451
834	0.000095000001465451
834.5	0.000095000001465451
835	0.000095000001465451
835.5	0.000095000001465451
836	0.000095000001465451
836.5	0.000095000001465451
837	0.000095000001465451
837.5	0.000095000001465451
838	0.000095000001465451
838.5	0.000095000001465451
839	0.000095000001465451
839.5	0.000095000001465451
840	0.000095000001465451
840.5	0.000095000001465451
841	0.000095000001465451
841.5	0.000095000001465451
842	0.000095000001465451
842.5	0.000095000001465451
843	0.000095000001465451
843.5	0.000095000001465451
844	0.000095000001465451
844.5	0.000095000001465451
845	0.000095000001465451
845.5	0.000095000001465451
846	0.000095000001465451
846.5	0.000095000001465451
847	0.000095000001465451
847.5	0.000095000001465451
848	0.000095000001465451
848.5	0.000095000001465451
849	0.000095000001465451
849.5	0.000095000001465451
850	0.000095000001465451
850.5	0.000095000001465451
851	0.000095000001465451
851.5	0.000095000001465451
852	0.000095000001465451
852.5	0.000095000001465451
853	0.000095000001465451
853.5	0.000095000001465451
854	0.000095000001465451
854.5	0.000095000001465451
855	0.000095000001465451
855.5	0.000095000001465451
856	0.000095000001465451
856.5	0.000095000001465451
857	0.000095000001465451
857.5	0.000095000001465451
858	0.000095000001465451
858.5	0.000095000001465451
859	0.000095000001465451
859.5	0.000095000001465451
860	0.000095000001465451
860.5	0.000095000001465451
861	0.000095000001465451
861.5	0.000095000001465451
862	0.000095000001465451
862.5	0.000095000001465451
863	0.000095000001465451
863.5	0.000095000001465451
864	0.000095000001465451
864.5	0.000095000001465451
865	0.000095000001465451
865.5	0.000095000001465451
866	0.000095000001465451
866.5	0.000095000001465451
867	0.000095000001465451
867.5	0.000095000001465451
868	0.000095000001465451
868.5	0.000095000001465451
869	0.000095000001465451
869.5	0.000095000001465451
870	0.000095000001465451
870.5	0.000095000001465451
871	0.000095000001465451
871.5	0.000095000001465451
872	0.000095000001465451
872.5	0.000095000001465451
873	0.000095000001465451
873.5	0.000095000001465451
874	0.000095000001465451
874.5	0.000095000001465451
875	0.000095000001465451
875.5	0.000095000001465451
876	0.000095000001465451
876.5	0.000095000001465451
877	0.000095000001465451
877.5	0.000095000001465451
878	0.000095000001465451
878.5	0.000095000001465451
879	0.000095000001465451
879.5	0.000095000001465451
880	0.000095000001465451
880.5	0.000095000001465451
881	0.000095000001465451
881.5	0.000095000001465451
882	0.000095000001465451
882.5	0.000095000001465451
883	0.000095000001465451
883.5	0.000095000001465451
884	0.000095000001465451
884.5	0.000095000001465451
885	0.000095000001465451
885.5	0.000095000001465451
886	0.000095000001465451
886.5	0.000095000001465451
887	0.000095000001465451
887.5	0.000095000001465451
888	0.000095000001465451
888.5	0.000095000001465451
889	0.000095000001465451
889.5	0.000095000001465451
890	0.00010493899935682
890.5	0.00009705199772724901
891	0.000095000001465451
891.5	0.000095000001465451
892	0.00009969229495254701
892.5	0.000095000001465451
893	0.000095000001465451
893.5	0.000095000001465451
894	0.000095000001465451
894.5	0.000095000001465451
895	0.000095000001465451
895.5	0.000095000001465451
896	0.000095000001465451
896.5	0.000095000001465451
897	0.000095000001465451
897.5	0.000095000001465451
898	0.000095000001465451
898.5	0.000095000001465451
899	0.000095000001465451
899.5	0.000095000001465451
900	0.000095000001465451
900.5	0.000095000001465451
901	0.000095000001465451
901.5	0.000095000001465451
902	0.000095000001465451
902.5	0.000095000001465451
903	0.000095000001465451
903.5	0.000095000001465451
904	0.000095000001465451
904.5	0.000095000001465451
905	0.000095000001465451
905.5	0.000095000001465451
906	0.000095000001465451
906.5	0.000095000001465451
907	0.000095000001465451
907.5	0.000095000001465451
908	0.000095000001465451
908.5	0.000095000001465451
909	0.000095000001465451
909.5	0.000095000001465451
910	0.000095000001465451
910.5	0.000095000001465451
911	0.000095000001465451
911.5	0.000095000001465451
912	0.000095000001465451
912.5	0.000095000001465451
913	0.000095000001465451
913.5	0.000095000001465451
914	0.000095000001465451
914.5	0.000095000001465451
915	0.000095000001465451
915.5	0.000095000001465451
916	0.000095000001465451
916.5	0.000095000001465451
917	0.000095000001465451
917.5	0.000095000001465451
918	0.000095000001465451
918.5	0.000095000001465451
919	0.000095000001465451
919.5	0.000095000001465451
920	0.000095000001465451
920.5	0.000095000001465451
921	0.000095000001465451
921.5	0.000095000001465451
922	0.000095000001465451
922.5	0.000095000001465451
923	0.000095000001465451
923.5	0.000095000001465451
924	0.000095000001465451
924.5	0.000095000001465451
925	0.000095000001465451
925.5	0.000095000001465451
926	0.000095000001465451
926.5	0.000095000001465451
927	0.000095000001465451
927.5	0.000095000001465451
928	0.000095000001465451
928.5	0.000095000001465451
929	0.000095000001465451
929.5	0.000095000001465451
930	0.000095000001465451
930.5	0.000095000001465451
931	0.000095000001465451
931.5	0.000095000001465451
932	0.000095000001465451
932.5	0.000095000001465451
933	0.000095000001465451
933.5	0.000095000001465451
934	0.000095000001465451
934.5	0.000095000001465451
935	0.000095000001465451
935.5	0.000095000001465451
936	0.000095000001465451
936.5	0.000095000001465451
937	0.000095000001465451
937.5	0.000095000001465451
938	0.0001006029947348
938.5	0.00013156100067135
939	0.00016249499594778
939.5	0.00019217100089008002
940	0.00022187400645635002
940.5	0.00027110900191473997
941	0.00032029499834607
941.5	0.00038800098991486996
942	0.00045568499444925996
942.5	0.00054199999794946
943	0.00062831300056132
943.5	0.00070010300987633
944	0.00077184104156913
944.5	0.00082940296124434
945	0.00088699898697087
945.5	0.00090606599769671
946	0.0009251280062017001
946.5	0.00090227904365747
947	0.00087943899416132
947.5	0.00082136402852484
948	0.0007632599590579
948.5	0.0007021360033832
949	0.00064102600845217
949.5	0.00057910201576306
950	0.0005171839802642401
950.5	0.0004669219833886
951	0.00041665498429211003
951.5	0.00037892100408499
952	0.00034121699172828996
952.5	0.00031614799809176
953	0.00029107400223438
953.5	0.00027394698918215
954	0.00025681899842311
954.5	0.00025246599761886003
955	0.00024810999548207995
955.5	0.00025257600100304
956	0.00025704000563564
956.5	0.00025129500045296
957	0.00024554899482609
957.5	0.00025523099793645
958	0.00026490499749343
958.5	0.00029143300253054
959	0.00031796100756765
959.5	0.00035977300285595
960	0.00040159998206946
960.5	0.00045737301661575
961	0.00051317601901246
961.5	0.00056455801313859
962	0.00061591799749294
962.5	0.00065530598476471
963	0.0006947109795874
963.5	0.0006780750027246499
964	0.00066144498305221
964.5	0.00061946798268764
965	0.00057746201491682
965.5	0.0005134299954079299
966	0.00044943499233340996
966.5	0.00038660900827380997
967	0.00032378600280936
967.5	0.00027836599656439
968	0.00023294799120777
968.5	0.00020064599084435
969	0.00016834900407048
969.5	0.00014798499705648
970	0.00012759900300807
970.5	0.00010970200037264
971	0.000095000001465451
971.5	0.00010127299674423002
972	0.00011074099575126
972.5	0.00009756489589563
973	0.000095000001465451
973.5	0.000095000001465451
974	0.000095000001465451
974.5	0.000095000001465451
975	0.000095000001465451
975.5	0.000095000001465451
976	0.000095000001465451
976.5	0.000095000001465451
977	0.000095000001465451
977.5	0.000095000001465451
978	0.000095000001465451
978.5	0.000095000001465451
979	0.000095000001465451
979.5	0.00009765990398591399
980	0.0001004789965009
980.5	0.00009684180213298501
981	0.000095000001465451
981.5	0.000095000001465451
982	0.000095000001465451
982.5	0.00009731400041346199
983	0.00010876600526898999
983.5	0.00011834399629151
984	0.00012793100268027
984.5	0.00012999199725527002
985	0.00013205200275479
985.5	0.00014679900459669
986	0.00016153800288521
986.5	0.00017111400438807
987	0.00018070099940815002
987.5	0.00018742000520433001
988	0.00019413300833548
988.5	0.00020140300875936998
989	0.00020868098999927
989.5	0.00022756601083529
990	0.00024642799871799
990.5	0.00026598099793773
991	0.00028555400604091
991.5	0.00028705001113849004
992	0.00028854399261036
992.5	0.00029848799840693
993	0.00030844898901705
993.5	0.00033593501029827004
994	0.00036337401070340997
994.5	0.00037329700717237
995	0.00038323701119224996
995.5	0.00041386301745661
996	0.00044440998863138
996.5	0.00047006001295813
997	0.00049575601224205
997.5	0.00054361798902391
998	0.00059143799262529
998.5	0.00062645999605593
999	0.0006615290203626499
999.5	0.00069046700446052
1000	0.0007193470082711399
1000.5	0.00077657796282438
1001	0.00083385302787065
1001.5	0.00086678501247661
1002	0.00089969098553411
1002.5	0.00089376699179411
1003	0.00088784099716577
1003.5	0.00087598900790908
1004	0.00086415602709167
1004.5	0.0008028689990169399
1005	0.0007414920219162
1005.5	0.00068260901571193
1006	0.00062382400756178
1006.5	0.00056116400628525
1007	0.00049839700295706
1007.5	0.00047996900320867997
1008	0.00046158002078300006
1008.5	0.00040546001400799
1009	0.00034924501051137
1009.5	0.00032573600492469
1010	0.00030227699880924997
1010.5	0.00028972099244129
1011	0.00027713599592971003
1011.5	0.00026731099751487
1012	0.00025751301109267
1012.5	0.0002482149966454
1013	0.00023889899694041003
1013.5	0.0002376440079388
1014	0.00023639299797650998
1014.5	0.00023317500108533
1015	0.00022995000108494
1015.5	0.00024224500521086
1016	0.00025450399334659
1016.5	0.00026402199182485003
1017	0.00027356500140741
1017.5	0.00029076099963277
1018	0.00030790599794273
1018.5	0.00033003800581355
1019	0.00035220700738137
1019.5	0.00039013698369671997
1020	0.00042801898416656
1020.5	0.0004870229986409
1021	0.0005460609827423501
1021.5	0.00063143497754936
1022	0.0007168830052251
1022.5	0.00080232903201249
1023	0.00088762699306244
1023.5	0.0009670599865785301
1024	0.0010466300409462
1024.5	0.0010989199836331
1025	0.0011510899639688
1025.5	0.0011633599569905002
1026	0.0011756499588955
1026.5	0.001129599968408
1027	0.0010836300134542
1027.5	0.0010138899597223
1028	0.0009441539987165
1028.5	0.00087154103312059
1029	0.0007988760444277399
1029.5	0.00073149099080183
1030	0.00066422499003238
1030.5	0.00062642698139825
1031	0.00058853402151726
1031.5	0.0005592250090558099
1032	0.00053002800086688
1032.5	0.00050242701945535
1033	0.00047475200517511007
1033.5	0.00046378399929381003
1034	0.0004528450062935
1034.5	0.00045684400902246
1035	0.00046084601308394
1035.5	0.00045015699470241
1036	0.00043945501602138
1036.5	0.00044204598452779
1037	0.00044462999539974
1037.5	0.00044281600821705004
1038	0.00044099801925768
1038.5	0.00044142097976874003
1039	0.00044184198486619
1039.5	0.00044641801650869
1040	0.00045099500312061996
1040.5	0.00044535399865708
1041	0.00043969898797513
1041.5	0.00043053501030954
1042	0.00042140200093853996
1042.5	0.00042853298509725997
1043	0.00043568297769525
1043.5	0.00042615101847332
1044	0.00041663101910672
1044.5	0.00042536598812148
1045	0.00043408199417172
1045.5	0.00043833701965923
1046	0.00044260900722293
1046.5	0.00044697599150822
1047	0.00045132101149647
1047.5	0.00046664599722135
1048	0.00048200699893641
1048.5	0.00051688198254851
1049	0.0005518119905900701
1049.5	0.00057179800023732
1050	0.00059170902204642
1050.5	0.0006245979875529901
1051	0.00065756898948166
1051.5	0.00067109499468643
1052	0.00068459698923107
1052.5	0.00067468799898052
1053	0.00066479501583672
1053.5	0.00062507101574738
1054	0.00058518098740024
1054.5	0.00054196698329179
1055	0.00049892601055035
1055.5	0.0004479839844862
1056	0.00039703299989924003
1056.5	0.00034363499707979004
1057	0.00029008699584665
1057.5	0.00026184400212513997
1058	0.00023367799713014
1058.5	0.00020568400032062
1059	0.00017766999462765
1059.5	0.00017251500139537
1060	0.00016735499457354002
1060.5	0.00015420199588333998
1061	0.00014109300536802
1061.5	0.00012688100241576
1062	0.00011263599617450001
1062.5	0.00010830300425367999
1063	0.00010396399829915
1063.5	0.000095000001465451
1064	0.000095000001465451
1064.5	0.000095000001465451
1065	0.000095000001465451
1065.5	0.000095000001465451
1066	0.000095000001465451
1066.5	0.000095000001465451
1067	0.000095000001465451
1067.5	0.000095000001465451
1068	0.000095000001465451
1068.5	0.000095000001465451
1069	0.000095000001465451
1069.5	0.000095000001465451
1070	0.000095000001465451
1070.5	0.000095000001465451
1071	0.000095000001465451
1071.5	0.000095000001465451
1072	0.000095000001465451
1072.5	0.000095000001465451
1073	0.000095000001465451
1073.5	0.000095000001465451
1074	0.000095000001465451
1074.5	0.000095000001465451
1075	0.000095000001465451
1075.5	0.00010026200243374
1076	0.00010925100468738999
1076.5	0.00011188400321771
1077	0.00011451400041550999
1077.5	0.00013185000398152998
1078	0.00014924299875928999
1078.5	0.00015762500424898002
1079	0.00016600599792582
1079.5	0.00019945800886489
1080	0.00023279499146156
1080.5	0.00024769799438218
1081	0.00026262300707458004
1081.5	0.00029274699500093
1082	0.000322952996612
1082.5	0.00035565599318942997
1083	0.00038823900467832996
1083.5	0.00042788401515280995
1084	0.00046749801185797
1084.5	0.00048791198423714
1085	0.00050840399126173
1085.5	0.00053112698878977
1086	0.00055382902246492
1086.5	0.0005338650225894501
1087	0.0005139750101079701
1087.5	0.000488529985887
1088	0.00046303798626468
1088.5	0.00044673001866613
1089	0.000430387990491
1089.5	0.00041516900637362
1090	0.00039998399188335005
1090.5	0.00037576799059025
1091	0.00035159600884072
1091.5	0.00034235399652971004
1092	0.00033307499052171
1092.5	0.00032019900118029996
1093	0.00030731700917386
1093.5	0.00029819900646543997
1094	0.00028910399123561
1094.5	0.00027315199986333
1095	0.00025722599730216
1095.5	0.00026460800199857
1096	0.00027201599550608
1096.5	0.00027302401122142
1097	0.00027403100375523
1097.5	0.00026794900804816
1098	0.00026188199626631
1098.5	0.00026275999971404
1099	0.00026363800316176
1099.5	0.00026004800020019
1100	0.00025644799279689003
1100.5	0.00026801999410963997
1101	0.00027959099497821
1101.5	0.00028568999823619
1102	0.00029177299438743
1102.5	0.00028558799840539
1103	0.00027939800020249
1103.5	0.00027754399525293003
1104	0.00027568698897085
1104.5	0.00029812599677825
1105	0.00032058198939922
1105.5	0.0003145780056002
1106	0.00030859000617056
1106.5	0.00031412000680575
1107	0.00031964400477591
1107.5	0.00031678000596003
1108	0.00031391500669997
1108.5	0.00030947599043429
1109	0.00030501998935506
1109.5	0.000299951989291
1110	0.00029489299322449
1110.5	0.00028322099296929
1111	0.0002715770051509
1111.5	0.00026493501081859
1112	0.00025828999241639
1112.5	0.0002532849975978
1113	0.00024826599656080004
1113.5	0.00022993199308985002
1114	0.00021158300569368
1114.5	0.00020076599867025
1115	0.00018998699715667
1115.5	0.00018812500002241
1116	0.00018626400333233
1116.5	0.00017239600538232
1117	0.00015849800547585
1117.5	0.00015516200164711
1118	0.00015181899470917
1118.5	0.00014984899507908
1119	0.00014787899544899
1119.5	0.00014625800304202
1120	0.00014464100104306
1120.5	0.00013179800362195
1121	0.00011896700016223
1121.5	0.00012724699445242998
1122	0.0001355499989586
1122.5	0.0001343899953099
1123	0.00013322800214155
1123.5	0.00013251100199341
1124	0.00013179400184526
1124.5	0.00013772399825029002
1125	0.00014364600247063
1125.5	0.00014616100543207998
1126	0.00014866800484015
1126.5	0.0001489470037086
1127	0.00014922700302122
1127.5	0.00015361399618996
1128	0.00015801399513293
1128.5	0.00016198899857045002
1129	0.00016596700334048
1129.5	0.00017634499727137
1130	0.0001866990032795
1130.5	0.00019801000235020001
1131	0.00020930999653501
1131.5	0.00020824099919992
1132	0.00020717400275316
1132.5	0.00020613199467334
1133	0.00020508700799837002
1133.5	0.00019525100469764
1134	0.00018538900121712002
1134.5	0.00017982499684876998
1135	0.00017426999647796
1135.5	0.00016130800304381
1136	0.00014836999753243
1136.5	0.00014576800140276002
1137	0.00014316799479275
1137.5	0.00013444399655782
1138	0.00012571099432535
1138.5	0.00011903999848072999
1139	0.00011236400041525
1139.5	0.00010653300250851
1140	0.00010068899882754
1140.5	0.000095000001465451
1141	0.000095000001465451
1141.5	0.000095000001465451
1142	0.000095000001465451
1142.5	0.000095000001465451
1143	0.000095000001465451
1143.5	0.000095000001465451
1144	0.000095000001465451
1144.5	0.000095000001465451
1145	0.000095000001465451
1145.5	0.000095000001465451
1146	0.000095000001465451
1146.5	0.000095000001465451
1147	0.000095000001465451
1147.5	0.000095000001465451
1148	0.000095000001465451
1148.5	0.000095000001465451
1149	0.000095000001465451
1149.5	0.000095000001465451
1150	0.000095000001465451
1150.5	0.000095000001465451
1151	0.000095000001465451
1151.5	0.000095000001465451
1152	0.000095000001465451
1152.5	0.000095000001465451
1153	0.000095000001465451
1153.5	0.000095000001465451
1154	0.000095000001465451
1154.5	0.000095000001465451
1155	0.000095000001465451
1155.5	0.000095000001465451
1156	0.000095000001465451
1156.5	0.000095000001465451
1157	0.000095000001465451
1157.5	0.000095000001465451
1158	0.000095000001465451
1158.5	0.00010415900533189
1159	0.00011342899597365999
1159.5	0.00012750999758282
1160	0.00014162500292514
1160.5	0.00015106299997569
1161	0.00016052000546551
1161.5	0.00016364100474675
1162	0.00016676200402798998
1162.5	0.00017242999774680001
1163	0.00017809700239013
1163.5	0.00017581900237928
1164	0.00017354400370094998
1164.5	0.00017959499700737
1165	0.00018563599724075
1165.5	0.00018624100448505
1166	0.0001868449999165
1166.5	0.00017766800510799
1167	0.00016848899804244998
1167.5	0.00015424200228153
1168	0.0001399850020789
1168.5	0.00013415200328381998
1169	0.00012830900004701
1169.5	0.00012558999742396
1170	0.00012286800483707
1170.5	0.00011796900025728999
1171	0.00011306300393699
1171.5	0.00010633799547577
1172	0.000099615397175512
1172.5	0.00009736170341057
1173	0.000095109498943202
1173.5	0.000095000001465451
1174	0.000095000001465451
1174.5	0.000095000001465451
1175	0.000095000001465451
1175.5	0.000095000001465451
1176	0.000095000001465451
1176.5	0.000095000001465451
1177	0.000095000001465451
1177.5	0.000095000001465451
1178	0.000095000001465451
1178.5	0.000095000001465451
1179	0.000095000001465451
1179.5	0.000095000001465451
1180	0.000095000001465451
1180.5	0.000095000001465451
1181	0.00011034500175810999
1181.5	0.00010417700195831
1182	0.00009800470479604
1182.5	0.00010762399824671001
1183	0.00011724599744412001
1183.5	0.00012388200048008
1184	0.0001305160026277
1184.5	0.00012420799748725
1185	0.00011790999678851
1185.5	0.00013104199751979
1186	0.00014416799558603
1186.5	0.00015888899724813998
1187	0.00017361500113111
1187.5	0.00018286599470229998
1188	0.00019209398942621002
1188.5	0.0002087379925797
1189	0.00022540100417245
1189.5	0.00024934399789345
1190	0.00027327801035426
1190.5	0.00029855900720577
1191	0.00032386399198003
1191.5	0.00034916099593829
1192	0.00037447000522661
1192.5	0.00041306498133054004
1193	0.00045169099394116
1193.5	0.00049033501454687
1194	0.00052899799811712
1194.5	0.00055489099395345
1195	0.00058080599956156
1195.5	0.0006068959919503
1196	0.00063301299633167
1196.5	0.00064450400714122
1197	0.00065599801928329
1197.5	0.0006610309810639601
1198	0.0006660689905402299
1198.5	0.00067174401010561
1199	0.0006774159828637499
1199.5	0.00066324701037956
1200	0.00064909399952739
1200.5	0.000095000001465451