300.5	0.000095000001465451
301	0.000095000001465451
301.5	0.000095000001465451
302	0.000095000001465451
302.5	0.000095000001465451
303	0.000095000001465451
303.5	0.000095000001465451
304	0.000095000001465451
304.5	0.000095000001465451
305	0.000095000001465451
305.5	0.000095000001465451
306	0.000095000001465451
306.5	0.000095000001465451
307	0.000095000001465451
307.5	0.000095000001465451
308	0.000095000001465451
308.5	0.000095000001465451
309	0.000095000001465451
309.5	0.000095000001465451
310	0.000095000001465451
310.5	0.000095000001465451
311	0.000095000001465451
311.5	0.000095000001465451
312	0.000095000001465451
312.5	0.000095000001465451
313	0.000095000001465451
313.5	0.000095000001465451
314	0.000095000001465451
314.5	0.000095000001465451
315	0.000095000001465451
315.5	0.000095000001465451
316	0.000095000001465451
316.5	0.000095000001465451
317	0.000095000001465451
317.5	0.000095000001465451
318	0.000095000001465451
318.5	0.000095000001465451
319	0.000095000001465451
319.5	0.000095000001465451
320	0.000095000001465451
320.5	0.000095000001465451
321	0.000095000001465451
321.5	0.00010218899433312
322	0.000095000001465451
322.5	0.000095000001465451
323	0.000095000001465451
323.5	0.000095000001465451
324	0.000095000001465451
324.5	0.000095000001465451
325	0.000095000001465451
325.5	0.000095000001465451
326	0.000095000001465451
326.5	0.000095000001465451
327	0.000095000001465451
327.5	0.000095000001465451
328	0.000095000001465451
328.5	0.000095000001465451
329	0.0001576029944772
329.5	0.000095000001465451
330	0.00011083800472989
330.5	0.000095000001465451
331	0.000095000001465451
331.5	0.000095000001465451
332	0.000095000001465451
332.5	0.000095000001465451
333	0.000095000001465451
333.5	0.000095000001465451
334	0.00012038799468428001
334.5	0.000095000001465451
335	0.000095000001465451
335.5	0.000095000001465451
336	0.000095000001465451
336.5	0.000095000001465451
337	0.000095000001465451
337.5	0.000095000001465451
338	0.000095000001465451
338.5	0.000095000001465451
339	0.00011809099760285001
339.5	0.000095000001465451
340	0.000095000001465451
340.5	0.00015474599877052
341	0.000095000001465451
341.5	0.000095000001465451
342	0.00009564020047037001
342.5	0.000095000001465451
343	0.000095000001465451
343.5	0.000095000001465451
344	0.000095000001465451
344.5	0.000095000001465451
345	0.00010910999890257
345.5	0.000095000001465451
346	0.000095000001465451
346.5	0.000095000001465451
347	0.000095000001465451
347.5	0.000095000001465451
348	0.00013248700270196
348.5	0.000095000001465451
349	0.000095000001465451
349.5	0.000095000001465451
350	0.000095000001465451
350.5	0.000095000001465451
351	0.00011797800425484
351.5	0.000095000001465451
352	0.000095000001465451
352.5	0.000095000001465451
353	0.00016865400311871998
353.5	0.0001821579985517
354	0.00028816700705646997
354.5	0.00041996700019808004
355	0.0006502799806185099
355.5	0.0009346270417154299
356	0.0008734349648875701
356.5	0.00067621399466589
357	0.00044815801629738
357.5	0.00040288300624524996
358	0.00050548301260278
358.5	0.0008592590347689101
359	0.0013722000403504002
359.5	0.001122879984905
360	0.00047817998165556
360.5	0.00019860999600496
361	0.000095000001465451
361.5	0.000095000001465451
362	0.000095000001465451
362.5	0.000095000001465451
363	0.000095000001465451
363.5	0.000095000001465451
364	0.000095000001465451
364.5	0.00010025399888036
365	0.00012107800557715
365.5	0.000095000001465451
366	0.00015010000424809001
366.5	0.000095000001465451
367	0.0002822280066539
367.5	0.00034917700304504
368	0.00027652499738905996
368.5	0.000095000001465451
369	0.000095000001465451
369.5	0.000095000001465451
370	0.000095000001465451
370.5	0.000095000001465451
371	0.000095000001465451
371.5	0.000095000001465451
372	0.000095000001465451
372.5	0.000095000001465451
373	0.000095000001465451
373.5	0.000095000001465451
374	0.000095000001465451
374.5	0.000095000001465451
375	0.000095000001465451
375.5	0.000095000001465451
376	0.000095000001465451
376.5	0.000095000001465451
377	0.000095000001465451
377.5	0.000095000001465451
378	0.000095000001465451
378.5	0.000095000001465451
379	0.000095000001465451
379.5	0.000095000001465451
380	0.000095000001465451
380.5	0.000095000001465451
381	0.000095000001465451
381.5	0.000095000001465451
382	0.000095000001465451
382.5	0.000095000001465451
383	0.000095000001465451
383.5	0.000095000001465451
384	0.000095000001465451
384.5	0.000095000001465451
385	0.000095000001465451
385.5	0.000095000001465451
386	0.000095000001465451
386.5	0.000095000001465451
387	0.000095000001465451
387.5	0.000095000001465451
388	0.000095000001465451
388.5	0.000095000001465451
389	0.000095000001465451
389.5	0.000095000001465451
390	0.000095000001465451
390.5	0.000095000001465451
391	0.000095000001465451
391.5	0.000095000001465451
392	0.000095000001465451
392.5	0.000095000001465451
393	0.000095000001465451
393.5	0.000095000001465451
394	0.000095000001465451
394.5	0.000095000001465451
395	0.000095000001465451
395.5	0.000095000001465451
396	0.00009905329534376499
396.5	0.00057388401728531
397	0.0012274999789952002
397.5	0.00065293202169414
398	0.00016320899476341
398.5	0.000095000001465451
399	0.000095000001465451
399.5	0.000095000001465451
400	0.000095000001465451
400.5	0.000095000001465451
401	0.000095000001465451
401.5	0.000095000001465451
402	0.000095000001465451
402.5	0.000095000001465451
403	0.000095000001465451
403.5	0.000095000001465451
404	0.000095000001465451
404.5	0.000095000001465451
405	0.000095000001465451
405.5	0.000095000001465451
406	0.000095000001465451
406.5	0.000095000001465451
407	0.000095000001465451
407.5	0.00011689299981299
408	0.000095000001465451
408.5	0.00016268299987132
409	0.00014824099707766
409.5	0.000095000001465451
410	0.000095000001465451
410.5	0.000095000001465451
411	0.000095000001465451
411.5	0.000095000001465451
412	0.000095000001465451
412.5	0.000095000001465451
413	0.000095000001465451
413.5	0.000095000001465451
414	0.000095000001465451
414.5	0.000095000001465451
415	0.000095000001465451
415.5	0.000095000001465451
416	0.000095000001465451
416.5	0.000095000001465451
417	0.000095000001465451
417.5	0.000095000001465451
418	0.000095000001465451
418.5	0.000095000001465451
419	0.000095000001465451
419.5	0.000095000001465451
420	0.000095000001465451
420.5	0.000095000001465451
421	0.000095000001465451
421.5	0.000095000001465451
422	0.000095000001465451
422.5	0.000095000001465451
423	0.000095000001465451
423.5	0.000095000001465451
424	0.000095000001465451
424.5	0.000095000001465451
425	0.000095000001465451
425.5	0.000095000001465451
426	0.000095000001465451
426.5	0.000095000001465451
427	0.000095000001465451
427.5	0.000095000001465451
428	0.000095000001465451
428.5	0.000095000001465451
429	0.000095000001465451
429.5	0.000095000001465451
430	0.000095000001465451
430.5	0.000095000001465451
431	0.000095000001465451
431.5	0.000095000001465451
432	0.000095000001465451
432.5	0.000095000001465451
433	0.000095000001465451
433.5	0.000095000001465451
434	0.000095000001465451
434.5	0.000095000001465451
435	0.000095000001465451
435.5	0.000095000001465451
436	0.000095000001465451
436.5	0.000095000001465451
437	0.000095000001465451
437.5	0.000095000001465451
438	0.000095000001465451
438.5	0.000095000001465451
439	0.000095000001465451
439.5	0.000095000001465451
440	0.000095000001465451
440.5	0.000095000001465451
441	0.000095000001465451
441.5	0.000095000001465451
442	0.000095000001465451
442.5	0.000095000001465451
443	0.000095000001465451
443.5	0.000095000001465451
444	0.000095000001465451
444.5	0.000095000001465451
445	0.000095000001465451
445.5	0.000095000001465451
446	0.000095000001465451
446.5	0.000095000001465451
447	0.00016830699678393999
447.5	0.00010283499705109999
448	0.000095000001465451
448.5	0.000095000001465451
449	0.000095000001465451
449.5	0.000095000001465451
450	0.000095000001465451
450.5	0.000095000001465451
451	0.000095000001465451
451.5	0.000095000001465451
452	0.000095000001465451
452.5	0.000095000001465451
453	0.000095000001465451
453.5	0.000095000001465451
454	0.000095000001465451
454.5	0.000095000001465451
455	0.000095000001465451
455.5	0.000095000001465451
456	0.000095000001465451
456.5	0.000095000001465451
457	0.000095000001465451
457.5	0.000095000001465451
458	0.000095000001465451
458.5	0.000095000001465451
459	0.000095000001465451
459.5	0.000095000001465451
460	0.000095000001465451
460.5	0.000095000001465451
461	0.000095000001465451
461.5	0.000095000001465451
462	0.000095000001465451
462.5	0.000095000001465451
463	0.000095000001465451
463.5	0.000095000001465451
464	0.000095000001465451
464.5	0.000095000001465451
465	0.000095000001465451
465.5	0.000095000001465451
466	0.000095000001465451
466.5	0.000095000001465451
467	0.000095000001465451
467.5	0.000095000001465451
468	0.000095000001465451
468.5	0.000095000001465451
469	0.000095000001465451
469.5	0.000095000001465451
470	0.000095000001465451
470.5	0.000095000001465451
471	0.000095000001465451
471.5	0.000095000001465451
472	0.000095000001465451
472.5	0.000095000001465451
473	0.000095000001465451
473.5	0.000095000001465451
474	0.000095000001465451
474.5	0.000095000001465451
475	0.000095000001465451
475.5	0.000095000001465451
476	0.0001023350023388
476.5	0.00021189800918364
477	0.00013104800018482
477.5	0.000095000001465451
478	0.000095000001465451
478.5	0.000095000001465451
479	0.000095000001465451
479.5	0.000095000001465451
480	0.000095000001465451
480.5	0.00011172600125064001
481	0.00020492000203376
481.5	0.00021573000594799
482	0.000095000001465451
482.5	0.000095000001465451
483	0.000095000001465451
483.5	0.000095000001465451
484	0.000095000001465451
484.5	0.000095000001465451
485	0.000095000001465451
485.5	0.000095000001465451
486	0.000095000001465451
486.5	0.000095000001465451
487	0.000095000001465451
487.5	0.000095000001465451
488	0.000095000001465451
488.5	0.000095000001465451
489	0.000095000001465451
489.5	0.000095000001465451
490	0.000095000001465451
490.5	0.000095000001465451
491	0.000095000001465451
491.5	0.000095000001465451
492	0.000095000001465451
492.5	0.000095000001465451
493	0.000095000001465451
493.5	0.000095000001465451
494	0.000095000001465451
494.5	0.000095000001465451
495	0.000095000001465451
495.5	0.000095000001465451
496	0.000095000001465451
496.5	0.000095000001465451
497	0.000095000001465451
497.5	0.000095000001465451
498	0.000095000001465451
498.5	0.000095000001465451
499	0.000095000001465451
499.5	0.000095000001465451
500	0.000095000001465451
500.5	0.000095000001465451
501	0.000095000001465451
501.5	0.000095000001465451
502	0.00010520300293138
502.5	0.00013593199810202
503	0.00009870890380625501
503.5	0.000095000001465451
504	0.000095000001465451
504.5	0.000095000001465451
505	0.000095000001465451
505.5	0.000095000001465451
506	0.000095000001465451
506.5	0.000095000001465451
507	0.000095000001465451
507.5	0.000095000001465451
508	0.000095000001465451
508.5	0.000095000001465451
509	0.000095000001465451
509.5	0.000095000001465451
510	0.000095000001465451
510.5	0.000095000001465451
511	0.000095000001465451
511.5	0.000095000001465451
512	0.000095000001465451
512.5	0.000095000001465451
513	0.000095000001465451
513.5	0.000095000001465451
514	0.000095000001465451
514.5	0.000095000001465451
515	0.000095000001465451
515.5	0.000095000001465451
516	0.000095000001465451
516.5	0.000095000001465451
517	0.000095000001465451
517.5	0.000095000001465451
518	0.000095000001465451
518.5	0.000095000001465451
519	0.000095000001465451
519.5	0.000095000001465451
520	0.000095000001465451
520.5	0.000095000001465451
521	0.000095000001465451
521.5	0.000095000001465451
522	0.000095000001465451
522.5	0.000095000001465451
523	0.000095000001465451
523.5	0.000095000001465451
524	0.000095000001465451
524.5	0.000095000001465451
525	0.000095000001465451
525.5	0.000095000001465451
526	0.000095000001465451
526.5	0.00015487700011362999
527	0.000095000001465451
527.5	0.000095000001465451
528	0.000095000001465451
528.5	0.000095000001465451
529	0.000095000001465451
529.5	0.000095000001465451
530	0.000095000001465451
530.5	0.000095000001465451
531	0.000095000001465451
531.5	0.000095000001465451
532	0.000097029794687842
532.5	0.000095000001465451
533	0.000095000001465451
533.5	0.000095000001465451
534	0.00010638999583534001
534.5	0.00012369599744488
535	0.000095000001465451
535.5	0.000095000001465451
536	0.000095000001465451
536.5	0.000095000001465451
537	0.000095000001465451
537.5	0.000095000001465451
538	0.000095000001465451
538.5	0.000095000001465451
539	0.000095000001465451
539.5	0.000095000001465451
540	0.000095000001465451
540.5	0.000095000001465451
541	0.000095000001465451
541.5	0.000095000001465451
542	0.000095000001465451
542.5	0.000095000001465451
543	0.000095000001465451
543.5	0.000095000001465451
544	0.000095000001465451
544.5	0.000095000001465451
545	0.000095000001465451
545.5	0.000095000001465451
546	0.000095000001465451
546.5	0.000095000001465451
547	0.000095000001465451
547.5	0.000095000001465451
548	0.000095000001465451
548.5	0.000095000001465451
549	0.000095000001465451
549.5	0.000095000001465451
550	0.000095000001465451
550.5	0.000095000001465451
551	0.000095000001465451
551.5	0.000095000001465451
552	0.000095000001465451
552.5	0.000095000001465451
553	0.000095000001465451
553.5	0.000095000001465451
554	0.00013040599924352
554.5	0.00010452099559188
555	0.000095000001465451
555.5	0.000095000001465451
556	0.000095000001465451
556.5	0.000095000001465451
557	0.000095000001465451
557.5	0.000095000001465451
558	0.000095000001465451
558.5	0.000095000001465451
559	0.000095000001465451
559.5	0.000095000001465451
560	0.00014110700021773999
560.5	0.00014076499610383
561	0.0001311290020567
561.5	0.0001052459992934
562	0.000095000001465451
562.5	0.000095000001465451
563	0.000095000001465451
563.5	0.000095000001465451
564	0.000095000001465451
564.5	0.000095000001465451
565	0.000095000001465451
565.5	0.000095000001465451
566	0.000095000001465451
566.5	0.00010279500202158999
567	0.00011500000027809
567.5	0.00017939800045497
568	0.00026249899747199
568.5	0.00042331398617534
569	0.00066063298618246
569.5	0.0010709300113376
570	0.0020128300093347
570.5	0.0040812301449478
571	0.0084756597061642
571.5	0.019485100347083
572	0.049086997751147
572.5	0.13984499964862998
573	0.44618397951126004
573.5	1.6348499804735
574	6.6563300788403
574.5	22.505000233649998
575	51.657599210739
575.5	80.133098363876
576	94.10160183906599
576.5	97.644501924515
577	98.102599382401
577.5	98.12210202217099
578	98.066598176956
578.5	98.247897624969
579	98.50929975509601
579.5	98.176199197769
580	98.41560125351
580.5	98.077100515366
581	98.29819798469501
581.5	98.19049835205101
582	98.311400413513
582.5	98.498499393463
583	98.277598619461
583.5	98.477697372437
584	98.287099599838
584.5	98.292398452759
585	98.374402523041
585.5	98.542302846909
586	98.395997285843
586.5	98.4031021595
587	98.108398914337
587.5	98.615902662277
588	98.371201753616
588.5	98.561698198318
589	98.360699415207
589.5	98.545199632645
590	98.593097925186
590.5	98.387098312378
591	98.487502336502
591.5	98.287397623062
592	98.41129779815701
592.5	98.601502180099
593	98.497498035431
593.5	98.286598920822
594	98.383402824402
594.5	98.495799303055
595	98.629999160767
595.5	98.270601034164
596	98.265701532364
596.5	98.355400562286
597	98.233300447464
597.5	98.42470288276701
598	98.307198286057
598.5	98.176002502441
599	98.369997739792
599.5	98.43959808349601
600	98.386299610138
600.5	98.446798324585
601	98.49299788475
601.5	98.470497131348
602	98.45100045204201
602.5	98.35079908371
603	98.374301195145
603.5	98.50350022316
604	98.501700162888
604.5	98.466998338699
605	98.295301198959
605.5	98.48150014877301
606	98.172497749329
606.5	98.538500070572
607	98.32580089569099
607.5	98.519599437714
608	98.330301046371
608.5	98.41639995575
609	98.46150279045101
609.5	98.423701524734
610	98.527199029922
610.5	98.426699638367
611	98.45449924469
611.5	98.43429923057599
612	98.321598768234
612.5	98.398101329803
613	98.589301109314
613.5	98.412799835205
614	98.349100351334
614.5	98.508501052856
615	98.518097400665
615.5	98.350501060486
616	98.398500680923
616.5	98.089599609375
617	98.28320145607
617.5	98.044902086258
618	97.995501756668
618.5	98.2293009758
619	97.897100448608
619.5	98.089402914047
620	97.87449836731
620.5	98.29249978065499
621	98.24960231781
621.5	98.60659837722801
622	98.58499765396101
622.5	98.343700170517
623	98.544102907181
623.5	98.422002792358
624	98.395198583603
624.5	98.218500614166
625	98.25590252876299
625.5	98.265999555588
626	98.335599899292
626.5	98.625499010086
627	98.35379719734199
627.5	98.402798175812
628	98.760402202606
628.5	98.383498191833
629	98.57100248336799
629.5	98.536098003387
630	98.588401079178
630.5	98.560297489166
631	98.633199930191
631.5	98.618000745773
632	98.700398206711
632.5	98.379099369049
633	98.52579832077
633.5	98.394900560379
634	98.28519821167
634.5	98.18029999733
635	98.086601495743
635.5	98.295599222183
636	98.085600137711
636.5	98.359298706055
637	98.323500156403
637.5	98.539197444916
638	98.564797639847
638.5	98.533397912979
639	98.701298236847
639.5	98.498499393463
640	98.53410124778699
640.5	98.356801271439
641	98.233497142792
641.5	98.45029711723299
642	98.175299167633
642.5	98.49069714546201
643	98.4375
643.5	98.701500892639
644	98.570102453232
644.5	98.68819713592501
645	98.480498790741
645.5	98.609298467636
646	98.675501346588
646.5	98.651301860809
647	98.58779907226601
647.5	98.502099514008
648	98.488199710846
648.5	98.459202051163
649	98.464602231979
649.5	98.40059876442
650	98.35770130157499
650.5	98.25239777565
651	98.090600967407
651.5	98.227202892303
652	98.191297054291
652.5	98.1968998909
653	98.434799909592
653.5	98.565798997879
654	98.450601100922
654.5	98.514598608017
655	98.369002342224
655.5	98.58019948005699
656	98.394900560379
656.5	98.225802183151
657	98.305600881577
657.5	98.121500015259
658	98.32209944725
658.5	97.854000329971
659	97.987997531891
659.5	98.049402236938
660	98.22810292244
660.5	97.887402772903
661	98.286098241806
661.5	97.985297441483
662	98.143398761749
662.5	98.24630022049
663	98.181599378586
663.5	98.37030172348
664	98.413699865341
664.5	98.478299379349
665	98.343598842621
665.5	98.49020242691
666	98.588997125626
666.5	98.31179976463301
667	98.5396027565
667.5	98.268300294876
668	98.217898607254
668.5	98.12909960746799
669	98.159801959991
669.5	98.28810095787
670	98.150497674942
670.5	98.53789806366
671	98.19729924202
671.5	98.327302932739
672	98.57689738273599
672.5	98.49510192871101
673	98.340702056885
673.5	98.43429923057599
674	98.356699943542
674.5	98.360699415207
675	98.231202363968
675.5	98.036497831345
676	97.845500707626
676.5	98.028302192688
677	97.780901193619
677.5	97.346901893616
678	97.224098443985
678.5	97.21199870109601
679	97.283297777176
679.5	97.425097227097
680	97.56289720535301
680.5	98.013597726822
681	98.06339740753201
681.5	98.36440086364699
682	98.555701971054
682.5	98.359000682831
683	98.45250248909
683.5	98.283797502518
684	98.047202825546
684.5	98.003399372101
685	97.786200046539
685.5	97.79440164566
686	98.130798339844
686.5	97.801798582077
687	98.066699504852
687.5	98.224997520447
688	97.93710112571699
688.5	98.16529750824
689	98.322200775146
689.5	98.38209748268099
690	98.311501741409
690.5	98.361200094223
691	98.520201444626
691.5	98.642998933792
692	98.717999458313
692.5	98.316299915314
693	98.198997974396
693.5	97.99619913101199
694	98.072701692581
694.5	98.163902759552
695	97.875601053238
695.5	97.641098499298
696	98.048502206802
696.5	97.925299406052
697	97.984999418259
697.5	98.346000909805
698	97.921097278595
698.5	98.427200317383
699	97.9641020298
699.5	97.97570109367399
700	97.61980175972
700.5	97.71360158920301
701	97.718000411987
701.5	97.792202234268
702	97.838801145554
702.5	98.017197847366
703	97.958302497864
703.5	98.051601648331
704	97.672802209854
704.5	97.76809811592099
705	97.649198770523
705.5	97.82350063324
706	97.881102561951
706.5	97.898799180984
707	97.957897186279
707.5	97.95820116996799
708	97.733801603317
708.5	96.76110148429899
709	96.338599920273
709.5	96.117401123047
710	97.016900777817
710.5	97.08589911460899
711	97.403401136398
711.5	96.92280292510999
712	96.148002147675
712.5	95.989602804184
713	95.10959982872001
713.5	87.080699205399
714	65.350598096848
714.5	30.951899290085
715	15.43350070715
715.5	3.940450027585
716	2.2504100576043
716.5	0.9600809775292899
717	0.43862001039088
717.5	0.21673799492419
718	0.11470000026748
718.5	0.061408901819959
719	0.036009401082993
719.5	0.021478699636646
720	0.013110900181345999
720.5	0.0086177598859649
721	0.0058857298427029
721.5	0.0038412301364588
722	0.002553850026743
722.5	0.0018271999579156
723	0.0013278199730847999
723.5	0.0010244900295220002
724	0.0007920149982965099
724.5	0.00056312001106562
725	0.00042463898353162
725.5	0.00039061001189111006
726	0.00026596999305184
726.5	0.00032210000426858
727	0.00022895299025548998
727.5	0.00012238000408615001
728	0.00016478800262121
728.5	0.00013743399449595
729	0.00018657699456526
729.5	0.00015098299854799
730	0.000095000001465451
730.5	0.000095000001465451
731	0.00010740100151452
731.5	0.00011212899835300001
732	0.00011698599564625
732.5	0.000095000001465451
733	0.00011461700069049001
733.5	0.000095000001465451
734	0.000095000001465451
734.5	0.00012142199921071999
735	0.00010013400242315
735.5	0.00012277499763513
736	0.00014977999853727
736.5	0.00016843299590619
737	0.00024097500954667
737.5	0.00019418100691837001
738	0.00024582100195403
738.5	0.00044605199036595997
739	0.00045178198888607004
739.5	0.00055804498515499
740	0.00068551198637579
740.5	0.00051355500545469
741	0.0006456430128309901
741.5	0.00039509600355814
742	0.00026460900244274
742.5	0.00028483900678110996
743	0.00023849499939388
743.5	0.00019436999991739997
744	0.00012715599950752001
744.5	0.0001238449954144
745	0.00010345099781262001
745.5	0.00019574099496822
746	0.00022510500912176
746.5	0.00014570399571312
747	0.00016953099475359
747.5	0.00031071899684321
748	0.00030329499622893996
748.5	0.00027928999770665997
749	0.00032258099054161004
749.5	0.00040921299842011996
750	0.00049534201025381
750.5	0.0004912740223517201
751	0.00047255698518710996
751.5	0.00057916199693864
752	0.00046603900045738995
752.5	0.00039304500205617
753	0.00029230600375740003
753.5	0.00031293000120058
754	0.00022911199266672998
754.5	0.00022546000764123
755	0.00012338499573161
755.5	0.00018076600554195
756	0.00011020499641744999
756.5	0.000095000001465451
757	0.00020347199551907
757.5	0.00020293200577726
758	0.00025052599994524003
758.5	0.00015837999853829
759	0.00028692199975922
759.5	0.00029914499464211996
760	0.00043097898014821004
760.5	0.00060037800722057
761	0.00052472100833256
761.5	0.000500442001794
762	0.00067511200541048
762.5	0.00054607098718407
763	0.00040184399949794
763.5	0.00032329799068975
764	0.00035623199892143
764.5	0.00025321301109216
765	0.00013761899708697
765.5	0.00027922098979616
766	0.000095000001465451
766.5	0.00012208899988763998
767	0.0001961680027307
767.5	0.00025753399768291
768	0.00036218700643076
768.5	0.00035061300422967
769	0.00041077200876315996
769.5	0.0002645449967531
770	0.00043586101128311995
770.5	0.00044652001633949004
771	0.00039602500692126005
771.5	0.00061987698245503
772	0.00040234799598693003
772.5	0.00044441098907555
773	0.00045877000047767004
773.5	0.00025279000510636
774	0.00038684502214892
774.5	0.00016893000065465
775	0.00024675300664966996
775.5	0.00029310099307621997
776	0.00018696799770623
776.5	0.00011975899951722001
777	0.00028100300824008
777.5	0.00017405400285497001
778	0.00026098600756086
778.5	0.00018190399941886
779	0.00020473300992306998
779.5	0.00032181098958971997
780	0.00030788201001997
780.5	0.00041781800064200005
781	0.00033046599128284
781.5	0.00043405998439993997
782	0.00070475098254974
782.5	0.00040748900573816995
783	0.00075107600423507
783.5	0.00043256400203972996
784	0.00034748100006254
784.5	0.00030260200674093
785	0.0003385609943507
785.5	0.000197098006538
786	0.00010318999557057
786.5	0.000095000001465451
787	0.000095000001465451
787.5	0.00019800800146186002
788	0.00017808899883676
788.5	0.00024911801119742
789	0.000095000001465451
789.5	0.00011264600061622
790	0.00022773799628339
790.5	0.00019844699181704
791	0.00015207000387818
791.5	0.00010490899740034
792	0.00023147899810283
792.5	0.00029995899240021
793	0.00036745500437974
793.5	0.00018144099840356
794	0.000140440999985
794.5	0.00021076800749141999
795	0.00024196299364121
795.5	0.0003271110017522
796	0.0001832779958022
796.5	0.00040632698983245
797	0.000095000001465451
797.5	0.00020041600237164
798	0.000095000001465451
798.5	0.00020469599348871
799	0.00037870399864914004
799.5	0.00032372499845224
800	0.00022082899704401
800.5	0.00025262099825341
801	0.00028444599138311
801.5	0.00027475300612423
802	0.00026505299501878004
802.5	0.00030188400614861003
803	0.00033864400847960003
803.5	0.00032762100090622
804	0.00031658998977946
804.5	0.00034833599329431
805	0.00038006498925824
805.5	0.00038394500734285
806	0.00038782800402259
806.5	0.00041387697820028003
807	0.00043991899474349
807.5	0.00043253699004708004
808	0.00042515598579485
808.5	0.00045906399464002
809	0.00049296600082016
809.5	0.0004611109943653
810	0.00042926499190798
810.5	0.00041479797801003006
811	0.00040030399759416
811.5	0.00039290898712352005
812	0.00038552898331544995
812.5	0.00038068199046393
813	0.00037582999539154
813.5	0.00034574900382722
814	0.00031566501093039
814.5	0.00029976099540363
815	0.00028385800305841
815.5	0.00028504300644271996
816	0.00028622800982703
816.5	0.00027457999749458
817	0.00026295399493392
817.5	0.00025297599677288
818	0.00024299799861183
818.5	0.00021816499611305
819	0.00019332298961672
819.5	0.00019762699139391998
820	0.00020193799628031998
820.5	0.00021852799818589
821	0.00023509999209637002
821.5	0.00019925898868677997
822	0.00016346399434042
822.5	0.00018750699837256002
823	0.00021155999547772998
823.5	0.00021937999008514
824	0.00022720998913428002
824.5	0.00025356200694659
825	0.00027987700832455
825.5	0.00028001099963149
826	0.00028014399049425
826.5	0.00030966700705902997
827	0.00033915000585694
827.5	0.00034420700103510003
828	0.00034926599710161
828.5	0.00036073899991607
829	0.00037220600006549
829.5	0.00038053099160607
830	0.00038886400943738
830.5	0.00039216301956913
831	0.00039545598156110005
831.5	0.00040708700907999
832	0.00041872399378917
832.5	0.00040759600778983
833	0.00039646201912546997
833.5	0.00040303098103323004
834	0.00040959098441817
834.5	0.00039937599467521
835	0.00038915400182304
835.5	0.000404278989663
836	0.00041939701986848
836.5	0.00039899800867715005
837	0.00037857901133975003
837.5	0.00036597800772142
838	0.00035338800898899
838.5	0.00036571700547937997
839	0.00037803999930475
839.5	0.00038379198485926995
840	0.00038953899093030004
840.5	0.00037937500110273996
841	0.00036920100683346
841.5	0.00036576900583896
842	0.00036233800528862
842.5	0.0003705059953063
843	0.00037865900139877004
843.5	0.00037747199712612
844	0.00037628299196513
844.5	0.00038856001083332006
845	0.00040082800296658996
845.5	0.00040456898204866
846	0.00040830800571711994
846.5	0.0003784100044868
847	0.00034849899748223996
847.5	0.00037410500226542
848	0.00039973001548788
848.5	0.00040308300413017
849	0.00040643299143994
849.5	0.00039485698835051
850	0.00038328998925863
850.5	0.00043239801925664995
851	0.00048151400733332
851.5	0.00045568899622593995
852	0.00042987499000446
852.5	0.00041950797822209996
853	0.00040914201235863997
853.5	0.00039892302083898996
854	0.00038870998650964003
854.5	0.00035888799629902
855	0.00032906200431171
855.5	0.00032165301036002
856	0.00031424699500349
856.5	0.00031365200356959003
857	0.00031305798984249
857.5	0.00027187600153411
858	0.00023073300781107
858.5	0.00023079101083567003
859	0.00023084999156708
859.5	0.00020944798961864002
860	0.0001880560034806
860.5	0.00018775200487653002
861	0.00018744799490378
861.5	0.00018498000144973
862	0.000182511996627
862.5	0.00016360700101359
863	0.00014471499980573
863.5	0.00014673199757453
864	0.00014874899534333998
864.5	0.00014974799569245
865	0.00015074599559739
865.5	0.00015302299516406002
866	0.00015529999473074
866.5	0.000145784997585
867	0.00013628100532515
867.5	0.00014900699625287
868	0.00016172999721675
868.5	0.00015618700217601
869	0.00015063600358189002
869.5	0.00016179400290639
870	0.0001729330051603
870.5	0.00019341200641065002
871	0.00021389100766100002
871.5	0.00021105099676788002
872	0.00020821300950047002
872.5	0.00025157401069009
873	0.00029492200610548
873.5	0.00030667599730805
874	0.0003184260094713
874.5	0.00033219400847884
875	0.00034597098874656
875.5	0.00035117300285492
876	0.00035636999200506
876.5	0.00037436000184243
877	0.0003923360054614
877.5	0.00036933299725206
878	0.00034634599614947
878.5	0.00034807098927558004
879	0.00034979600513907003
879.5	0.00034016300105577
880	0.00033052999697247
880.5	0.00030318799417728
881	0.00027587600470724
881.5	0.00023448899355571002
882	0.00019306000922369998
882.5	0.00018818400349119002
883	0.00018331199953536
883.5	0.00018793100480252
884	0.00019254700873717
884.5	0.00014935700392016001
885	0.00010612900496198999
885.5	0.00012266799558347
886	0.00013918599961471002
886.5	0.00012398099897836999
887	0.00010878600278375
887.5	0.00013486500165527001
888	0.00016094300008263
888.5	0.0001777299985406
889	0.00019453100321697997
889.5	0.00022542499209521
890	0.0002562650024629
890.5	0.00027250300718151
891	0.00028875299449282
891.5	0.00031874899377726
892	0.00034871200114139
892.5	0.00037831300687684997
893	0.00040793302105158
893.5	0.00040992099457071
894	0.00041190801312041003
894.5	0.00042563601709844003
895	0.00043935401663475
895.5	0.00044590001380128997
896	0.00045245001274452003
896.5	0.0004431100023794
897	0.00043376799112593
897.5	0.00044289299694356
898	0.00045199499254522
898.5	0.00042944298002111996
899	0.00040686099964659997
899.5	0.00042194601519441005
900	0.0004370159786049
900.5	0.00044907401388627
901	0.00046114100769046
901.5	0.00045029100874672
902	0.00043945501602138
902.5	0.00046083900997473
903	0.00048221099859802004
903.5	0.00045939800656923997
904	0.00043657100832206
904.5	0.00043907598410441995
905	0.00044158100536151004
905.5	0.00041461498767603004
906	0.00038765001590946
906.5	0.00034626100386959003
907	0.00030488199627143
907.5	0.00028495999231382
908	0.00026502900709602
908.5	0.0002519750069041
909	0.00023891300315880999
909.5	0.00020504799067567
910	0.00017122199551522
910.5	0.00018290700154466
911	0.00019458600490907
911.5	0.00017550599977767
912	0.00015641800246158
912.5	0.00014942299912946001
913	0.00014242799579733
913.5	0.00015579799992338002
914	0.00016916000049605
914.5	0.00016374799542973
915	0.00015833800262044
915.5	0.00017616699778955
916	0.00019400099517951998
916.5	0.00022429999262386002
917	0.00025463200472586003
917.5	0.00028442400434869
918	0.00031417000627698
918.5	0.00036443900626182004
919	0.00041475000216450997
919.5	0.00041675198190205005
920	0.00041875300667016
920.5	0.00041628400140325994
921	0.00041381399569218
921.5	0.00041305402191938004
922	0.00041229500311601
922.5	0.00036592400647351004
923	0.00031949900858308
923.5	0.00027045900878875
924	0.00022147999061417
924.5	0.00020859299638686997
925	0.00019569899905036
925.5	0.00017845100046543
926	0.00016120000054798
926.5	0.00014365399465531998
927	0.00012608900306077
927.5	0.00013305999573275999
928	0.00014001800536789
928.5	0.00012403299933794
929	0.00010802499446072
929.5	0.0001176220052912
930	0.00012721300208796
930.5	0.00014084099575484
931	0.00015447000123459
931.5	0.00016348800500053998
932	0.00017250199562113
932.5	0.00016779399629740998
933	0.00016308299564116
933.5	0.00018520099729358
934	0.00020735999441968
934.5	0.00025600400022086
935	0.00030460100788332
935.5	0.00034123499972338
936	0.00037778499972774
936.5	0.00041213597796741
937	0.00044650500967691
937.5	0.00045146298361942004
938	0.00045642800614587
938.5	0.00048642900765117004
939	0.00051641000027303
939.5	0.0005243499799689699
940	0.00053229700824886
940.5	0.00054053898566053
941	0.0005487750058819099
941.5	0.00053084299906914
942	0.00051288698159624
942.5	0.00051435799832689
943	0.00051582801461336
943.5	0.00050488501983637
944	0.00049394598136132
944.5	0.00049502100409882
945	0.00049609798224992
945.5	0.00050134499360865
946	0.00050658700274653
946.5	0.00049691398089635
947	0.00048723500185588
947.5	0.00048287502067978
948	0.00047851599447313003
948.5	0.00046180898607417
949	0.00044510102270578
949.5	0.00043011300476792
950	0.00041511198105582004
950.5	0.00040213499232777
951	0.00038917100937397
951.5	0.00034588999824336004
952	0.00030252299438871
952.5	0.00027959899853158
953	0.00025670199192973
953.5	0.000240182998823
954	0.00022364399683282997
954.5	0.00022024000827513998
955	0.00021683999875677
955.5	0.00020757599941135
956	0.00019829299162666
956.5	0.00018686099565457
957	0.00017545600030644
957.5	0.00017171599893118
958	0.00016796899444671
958.5	0.00015959000165821998
959	0.00015121299838938
959.5	0.00013295200460561
960	0.00011470300478321999
960.5	0.0001266970002689
961	0.00013871499504603002
961.5	0.00014105099808148
962	0.00014337999800773002
962.5	0.00013818199704473998
963	0.00013297800478539998
963.5	0.00015732699694126
964	0.00018171100464315
964.5	0.00017068599618142
965	0.00015967200397426
965.5	0.00017814300008467
966	0.00019661399619508
966.5	0.00018028599697573
967	0.00016395299553551
967.5	0.00018011700149145
968	0.00019626900211733
968.5	0.00020373199731694002
969	0.00021120199562574
969.5	0.00020282300283725
970	0.00019444698864389998
970.5	0.00021292300971254
971	0.00023138600226956999
971.5	0.00024220100840466
972	0.0002530189931349
972.5	0.00024757400751696
973	0.00024212599782913
973.5	0.00024646399197081
974	0.00025079800707317
974.5	0.00025444398943364
975	0.00025809399630816003
975.5	0.00028824899800384
976	0.00031835900244914
976.5	0.00033405099202355
977	0.00034975400922121003
977.5	0.00037438298932102
978	0.00039895599002193
978.5	0.00039392798498738996
979	0.00038889397728780994
979.5	0.00042830602069443997
980	0.00046768800530116994
980.5	0.0004674219781009
981	0.00046715599637537004
981.5	0.00047306198212027
982	0.00047896801333991
982.5	0.0004971770067641
983	0.00051537999752327
983.5	0.00053152198233875
984	0.0005476670139614701
984.5	0.00054322599680745
985	0.00053878497965343
985.5	0.00055164600780699
986	0.00056448698160239
986.5	0.0005457240149553401
987	0.00052693599172926
987.5	0.00052242899073462
988	0.00051792699196085
988.5	0.00048384899855591
989	0.00044974099182582006
989.5	0.00043754798753071003
990	0.00042536298678897
990.5	0.0004506609911914
991	0.00047596099648217
991.5	0.00043795398596558
992	0.00039994301914703
992.5	0.00041583698475733004
993	0.00043172599362151004
993.5	0.00042228498386975995
994	0.00041284401959273997
994.5	0.00043343097786419
995	0.00045402198338707005
995.5	0.00044856401473226
996	0.00044311200326774
996.5	0.00045066599341225995
997	0.00045821798266843005
997.5	0.00045295701056601994
998	0.00044769399210054005
998.5	0.00044540201997733995
999	0.00044311400415608995
999.5	0.00045572201088362
1000	0.00049852301344799
1000.5	0.00047011499191285
1001	0.00044175098992127004
1001.5	0.00046348200157809
1002	0.00048520801101404
1002.5	0.00046469699555018
1003	0.00044421699385566003
1003.5	0.00044167400119477
1004	0.00043912400542467004
1004.5	0.00043947002268396
1005	0.00043981599446852
1005.5	0.00042771298467414
1006	0.00041560101635696004
1006.5	0.00040008799260249
1007	0.00038458401832031
1007.5	0.00038352600313374004
1008	0.00038246698750299006
1008.5	0.0003778339987548
1009	0.00037320799037843
1009.5	0.00037665299714718004
1010	0.00038010000480426
1010.5	0.00037917500321782
1011	0.00037825200251973
1011.5	0.00035884499993699
1012	0.0003394219902475
1012.5	0.00033507499210828
1013	0.00033073299618991
1013.5	0.00036348699268274
1014	0.00039627198020753
1014.5	0.00038676998883602
1015	0.0003772900072363
1015.5	0.00038997400224616
1016	0.00040267300391861
1016.5	0.00041503199099679
1017	0.00042738101910799997
1017.5	0.00046500399548677
1018	0.00050268099585082
1018.5	0.00051259098654555
1019	0.00052248101383157
1019.5	0.00053057401601109
1020	0.0005386789780459399
1020.5	0.00053838298299524
1021	0.00053808698794455
1021.5	0.00053134199333726
1022	0.00052459199650912
1022.5	0.00047355601964227
1023	0.00042257001950929
1023.5	0.00040733198147791
1024	0.00039209999158628994
1024.5	0.0003688719971251
1025	0.00034564700399642004
1025.5	0.00029148600333428
1026	0.00023723300728307
1026.5	0.00023800701001164
1027	0.00023878099000284998
1027.5	0.00024466698960168
1028	0.00025054700927285
1028.5	0.00021080500118842002
1029	0.00017102499896282
1029.5	0.000162577998708
1030	0.00015413199889736001
1030.5	0.00017332799870928
1031	0.00019251499452365998
1031.5	0.00018449500203133
1032	0.00017647899994699
1032.5	0.00017262400433538
1033	0.0001687679969109
1033.5	0.00016596400200797
1034	0.00016316099618052
1034.5	0.00017319499647783
1035	0.00018322499499845
1035.5	0.00019020500303668
1036	0.00019718800103874
1036.5	0.000209485006053
1037	0.00022176700440468
1037.5	0.00026615500701155
1038	0.00031068100270204
1038.5	0.00030062499263295
1039	0.00029059499411233
1039.5	0.00033710500702
1040	0.00038361299630196
1040.5	0.0004244709998602
1041	0.00046534901230189
1041.5	0.00047379899115185
1042	0.00048224901547654997
1042.5	0.00052104401220276
1043	0.0005597989911621
1043.5	0.00054974798331386
1044	0.00053968201427779
1044.5	0.00051325500862731
1045	0.00048686401896703
1045.5	0.00045480201151804
1046	0.00042268197830708004
1046.5	0.0003994679900643
1047	0.00037631200484611
1047.5	0.00037099500787008
1048	0.00036567801089404
1048.5	0.00034500299079809
1049	0.00032429700240755
1049.5	0.00029162399641791
1050	0.00025896399620251004
1050.5	0.00025848000859696
1051	0.00025799599825405
1051.5	0.00023229499674926
1052	0.00020659599613282
1052.5	0.00022331100808515003
1053	0.00024003099952097
1053.5	0.00020745999336214
1054	0.00017487600416644
1054.5	0.00017972399746213
1055	0.00018456399857314
1055.5	0.00019043800421059002
1056	0.00019632600469777
1056.5	0.00019520000478223998
1057	0.00019407400486671
1057.5	0.00018053500525639
1058	0.00016701100093997
1058.5	0.00017484200043327
1059	0.00018268500525664002
1059.5	0.00018541800272942
1060	0.00018814399709298998
1060.5	0.00018108700032826
1061	0.00017401599734512
1061.5	0.00019094900380877997
1062	0.00020787799712707002
1062.5	0.00020705799670395
1063	0.00020623699583666
1063.5	0.00021469300008903
1064	0.00022314800389721997
1064.5	0.00022018300569471002
1065	0.00021721500615968
1065.5	0.00023734598926239
1066	0.00025744400318217
1066.5	0.00026976499611919
1067	0.00028209599349793
1067.5	0.00027450100787973004
1068	0.00026690599952417
1068.5	0.00027631399461825
1069	0.00028572098926816
1069.5	0.00031912400118017
1070	0.00035254599879408
1070.5	0.00037557799714705003
1071	0.00039858800846559006
1071.5	0.00042781098272826
1072	0.00045702599891228997
1072.5	0.00049098898671218
1073	0.0005250200047157699
1073.5	0.00054802999329695
1074	0.00057098600336758
1074.5	0.00058148298194283
1075	0.00059199901443208
1075.5	0.00056079102250806
1076	0.0005295929895510201
1076.5	0.00051454699132591
1077	0.0004995029939891501
1077.5	0.00045687597776123003
1078	0.00041429098018853005
1078.5	0.00037049398997624
1079	0.00032657999327057
1079.5	0.00030329199489643
1080	0.00028006099910272004
1080.5	0.00027262199182587
1081	0.00026518100639804997
1081.5	0.00023244899693963998
1082	0.00019968299511674998
1082.5	0.00019933199837396002
1083	0.00019898100163117998
1083.5	0.00016703299934306
1084	0.00013509700238500998
1084.5	0.00013014399655731
1085	0.00012519800520749001
1085.5	0.00013080200460536
1086	0.00013641999885294
1086.5	0.00013606800166599
1087	0.00013571700492321
1087.5	0.00012429400157998002
1088	0.00011288500445517
1088.5	0.00015192699720501
1089	0.00019100900772173
1089.5	0.0001718210000945
1090	0.00015261899761754
1090.5	0.00016804699498607
1091	0.00018349300034970002
1091.5	0.0001930530061145
1092	0.00020260099518055
1092.5	0.00021346299945435
1093	0.00022433100639319002
1093.5	0.0002439360059725
1094	0.00026354100555181997
1094.5	0.00029227101094875
1095	0.00032100699627335
1095.5	0.00035691000448423004
1096	0.0003928540081688
1096.5	0.00041587800296838
1097	0.00043889299377042004
1097.5	0.00046428399400611
1098	0.0004896499831375
1098.5	0.00051471602091624
1099	0.00053978201322025
1099.5	0.0005274489922158
1100	0.0005151010100235001
1100.5	0.00049370701162843
1101	0.00047230601012416
1101.5	0.00045674100874749
1102	0.0004412050202518
1102.5	0.00038918801692489004
1103	0.0003371490038262
1103.5	0.00032385999020335
1104	0.00031056799798534
1104.5	0.00027162300284544
1105	0.00023267400592886
1105.5	0.00022802701096225002
1106	0.00022337999325828
1106.5	0.00021076400571474002
1107	0.0001981300101761
1107.5	0.00018205499827673
1108	0.00016602399455223
1108.5	0.00016471800563522
1109	0.00016340900401701
1109.5	0.00016041999515437
1110	0.00015743700032544
1110.5	0.00014037400433153
1111	0.00012330699519225
1111.5	0.00014162700381348
1112	0.00015995200328689
1112.5	0.00017386199715475
1113	0.00018778099502015
1113.5	0.00016404400184911002
1114	0.00014029200201549
1114.5	0.00015775000292706
1115	0.00017517800188216
1115.5	0.00018335999811825
1116	0.00019154299479851
1116.5	0.00018763699927149
1117	0.00018372800241195
1117.5	0.00018497499922887
1118	0.00018622399693413
1118.5	0.00022012400222593
1119	0.00025393799205631
1119.5	0.00025102699510171
1120	0.00024810999548207995
1120.5	0.00027838500500366
1121	0.00030870000955474
1121.5	0.00030409898954531
1122	0.00029949499094073
1122.5	0.00034226500247314
1123	0.00038493299143738005
1123.5	0.00037906700072199
1124	0.00037321699437598
1124.5	0.00040334298319067
1125	0.00043366098907426996
1125.5	0.00045861897888244005
1126	0.00048344400056521
1126.5	0.00048563501877652
1127	0.00048783599595481
1127.5	0.00047994999476941
1128	0.00047208500291163
1128.5	0.00048981501095113
1129	0.00050756098062266
1129.5	0.0004981689926353301
1130	0.00048879301175475
1130.5	0.00045896999836258996
1131	0.00042911301534331994
1131.5	0.00044983298721489994
1132	0.00047055400500540005
1132.5	0.00048664101086615
1133	0.00050273802116862
1133.5	0.00048491801862838
1134	0.00046714199015696
1134.5	0.00046049399315962
1135	0.00045382998905552
1135.5	0.00047500798245891994
1136	0.00049610798669164
1136.5	0.00048825299927556995
1137	0.00048038500608527
1137.5	0.00049920099627343
1138	0.00051807801355608
1138.5	0.00050532198656583
1139	0.00049258401304542
1139.5	0.00049608302106208
1140	0.00049958498493652
1140.5	0.00052931700338377
1141	0.00055900700317579
1141.5	0.00054452998483612
1142	0.0005300450084178
1142.5	0.0005342779786587901
1143	0.0005385139957070399
1143.5	0.00053597500482283
1144	0.0005334250090527299
1144.5	0.0005256610165815799
1145	0.00051791598707496
1145.5	0.00052577702263079
1146	0.0005336200047167901
1146.5	0.0005356910151022
1147	0.00053776298045705
1147.5	0.00051487700147845
1148	0.00049200398279936
1148.5	0.00050513999667601
1149	0.00051831498240063
1149.5	0.00048545598474447995
1150	0.00045266401684785
1150.5	0.00042852998376475003
1151	0.00040439599615638
1151.5	0.00040339800762012997
1152	0.00040240101952804
1152.5	0.00041409298319194997
1153	0.00042578299144225
1153.5	0.00039598198782187
1154	0.0003661439905045
1154.5	0.00038476700865431
1155	0.00040337999962503
1155.5	0.0003877470135194
1156	0.00037210600112303
1156.5	0.00036720100524689997
1157	0.00036229500892659
1157.5	0.00034692400276981
1158	0.000331546993948
1158.5	0.00031335100629803
1159	0.00029519399049605
1159.5	0.0002962420012409
1160	0.00029728998924838
1160.5	0.00030394799068745004
1161	0.00031060699257068
1161.5	0.00029972600259498
1162	0.00028884799121442
1162.5	0.00027211399356020003
1163	0.00025534100132063004
1163.5	0.00025922199711204
1164	0.00026309999157093
1164.5	0.0002602730091894
1165	0.00025744500362634
1165.5	0.00025053300305444
1166	0.00024362300337089001
1166.5	0.00022915401132195
1167	0.00021468699742399999
1167.5	0.00020217601104378002
1168	0.00018967699588757
1168.5	0.00018876800140788
1169	0.00018785899555951
1169.5	0.00018719899799179998
1170	0.00018653900042409001
1170.5	0.00016802199525046
1171	0.00014951400544305
1171.5	0.00018376899788563998
1172	0.00021806899894727
1172.5	0.00020075899556104999
1173	0.00018345699572819
1173.5	0.00017824499991548
1174	0.00017303400454693
1174.5	0.00018517399666962
1175	0.00019730500753212
1175.5	0.00017953799442694
1176	0.00016177200450329
1176.5	0.00015900300240901
1177	0.00015623299987054998
1177.5	0.00019813999188045002
1178	0.00024003700218600002
1178.5	0.00023496099856857
1179	0.00022987799184193
1179.5	0.00022138599433673998
1180	0.00021289199594321
1180.5	0.00024707499051146003
1181	0.00028125900826125996
1181.5	0.0002750389967332
1182	0.00026882000838668
1182.5	0.00028276399461902
1183	0.00029670100047952
1183.5	0.00032547600312682
1184	0.00035426999147603
1184.5	0.00034412100831105
1185	0.00033397300285286995
1185.5	0.00036454500786931
1186	0.00039509300222562
1186.5	0.0004101650119992
1187	0.00042524598029558997
1187.5	0.00044613898353418
1188	0.00046699601625733
1188.5	0.00048518600124225004
1189	0.0005033889920014199
1189.5	0.00051764900490525
1190	0.0005319070169207401
1190.5	0.00056300700634893
1191	0.00059412200243969
1191.5	0.0005846340172865899
1192	0.00057514198488207
1192.5	0.00058752898439707
1193	0.0005999219865771001
1193.5	0.00060721099544025
1194	0.00061448699852917
1194.5	0.00062240101215139
1195	0.0006303179816313799
1195.5	0.0006265800038818299
1196	0.00062284398154588
1196.5	0.00059334402067179
1197	0.00056382100410701
1197.5	0.00057198699323635
1198	0.00058015298236569
1198.5	0.0005717939984606301
1199	0.00056343601499975
1199.5	0.0005802160103485199
1200	0.00059699700614146
1200.5	0.000095000001465451