300.5	0.000095000001465451
301	0.000095000001465451
301.5	0.000095000001465451
302	0.000095000001465451
302.5	0.000095000001465451
303	0.000095000001465451
303.5	0.000095000001465451
304	0.000095000001465451
304.5	0.000095000001465451
305	0.000095000001465451
305.5	0.000095000001465451
306	0.000095000001465451
306.5	0.000095000001465451
307	0.000095000001465451
307.5	0.000095000001465451
308	0.000095000001465451
308.5	0.000095000001465451
309	0.000095000001465451
309.5	0.000095000001465451
310	0.000095000001465451
310.5	0.000095000001465451
311	0.000095000001465451
311.5	0.000095000001465451
312	0.00015432100326507
312.5	0.000095000001465451
313	0.000095000001465451
313.5	0.000095000001465451
314	0.00010482300467629
314.5	0.000095000001465451
315	0.000095000001465451
315.5	0.000095000001465451
316	0.00014352200423673
316.5	0.000095000001465451
317	0.000095000001465451
317.5	0.000095000001465451
318	0.000095000001465451
318.5	0.00014922200080035998
319	0.000095000001465451
319.5	0.00013442700037558
320	0.000095000001465451
320.5	0.0001815599944166
321	0.000095000001465451
321.5	0.000095000001465451
322	0.000095000001465451
322.5	0.000095000001465451
323	0.000095000001465451
323.5	0.00021499799913727002
324	0.00010706299917729
324.5	0.00013265199640955
325	0.00013677099559573
325.5	0.00015184000403678998
326	0.000095000001465451
326.5	0.00017946899788512
327	0.000095000001465451
327.5	0.000095000001465451
328	0.000095000001465451
328.5	0.000095000001465451
329	0.00012564199778353
329.5	0.000095000001465451
330	0.000095000001465451
330.5	0.00012869199963461
331	0.000095000001465451
331.5	0.000095000001465451
332	0.00017395600480086
332.5	0.0001057860004039
333	0.000095000001465451
333.5	0.00011220099622733
334	0.000095000001465451
334.5	0.00011299899824735
335	0.000095000001465451
335.5	0.000095000001465451
336	0.000095000001465451
336.5	0.000095000001465451
337	0.000095000001465451
337.5	0.000095000001465451
338	0.000095000001465451
338.5	0.000095000001465451
339	0.0001425789946552
339.5	0.000095000001465451
340	0.000095000001465451
340.5	0.000095000001465451
341	0.00010478900094313
341.5	0.000095000001465451
342	0.00011503400401125
342.5	0.000095000001465451
343	0.00010876799478865
343.5	0.000095000001465451
344	0.00014249500281949
344.5	0.000095000001465451
345	0.000095000001465451
345.5	0.000095000001465451
346	0.000095000001465451
346.5	0.000095000001465451
347	0.000095000001465451
347.5	0.000095000001465451
348	0.000095000001465451
348.5	0.000095000001465451
349	0.00022015899503458
349.5	0.00014652099480372
350	0.000095000001465451
350.5	0.00021559999368037
351	0.00016530100310774
351.5	0.00022807701043348
352	0.00022355400233209003
352.5	0.00030421699648286
353	0.00023011000394035
353.5	0.00013681200243809
354	0.000095000001465451
354.5	0.000095000001465451
355	0.000095000001465451
355.5	0.000095000001465451
356	0.000095000001465451
356.5	0.000095000001465451
357	0.00011416799452491
357.5	0.000095000001465451
358	0.000095000001465451
358.5	0.000095000001465451
359	0.00018692700223255
359.5	0.00043242498577456
360	0.0006276839940255699
360.5	0.00091629299276974
361	0.0010106999980052998
361.5	0.00064848500187509
362	0.00030772901027376
362.5	0.00014336000049298002
363	0.000095000001465451
363.5	0.00012532100299723
364	0.00021326100068109
364.5	0.000095000001465451
365	0.000095000001465451
365.5	0.000095000001465451
366	0.000095000001465451
366.5	0.00015682900311731
367	0.00019900699044229
367.5	0.0001204560021506
368	0.000095000001465451
368.5	0.000095000001465451
369	0.000095000001465451
369.5	0.00011127000334454
370	0.000095000001465451
370.5	0.000095000001465451
371	0.000095000001465451
371.5	0.000095000001465451
372	0.000095000001465451
372.5	0.000095000001465451
373	0.000095000001465451
373.5	0.00014300500197351
374	0.000095000001465451
374.5	0.000095000001465451
375	0.00013733899777435
375.5	0.00013547399930757999
376	0.000095000001465451
376.5	0.000095000001465451
377	0.00019619499198598
377.5	0.0008022309884836399
378	0.0012220300050103002
378.5	0.0010625100003381
379	0.00066344400693197
379.5	0.00024680500700924
380	0.000095000001465451
380.5	0.000095000001465451
381	0.000095000001465451
381.5	0.000095000001465451
382	0.000095000001465451
382.5	0.00012257700063856
383	0.0001294400021834
383.5	0.0031786901672604005
384	0.0079910998465493
384.5	0.0078048600698821
385	0.0032763698982308
385.5	0.00046801401367701996
386	0.00055365098887705
386.5	0.00075310799729778
387	0.0008229119885072599
387.5	0.00068335698415467
388	0.00032028399346018
388.5	0.000099216401849844
389	0.000095000001465451
389.5	0.000095000001465451
390	0.000095000001465451
390.5	0.00012524300245786
391	0.00022598799205297997
391.5	0.00025836000077106
392	0.00030529399737134
392.5	0.000206093000088
393	0.00018893299511547
393.5	0.00029186699066486
394	0.0006143479822640099
394.5	0.0030615101422882
395	0.012682199303526001
395.5	0.062482402427122
396	0.77601899392903
396.5	9.160160273313501
397	32.030698657036
397.5	60.648900270462
398	80.65419793129
398.5	90.150499343872
399	94.085502624512
399.5	95.647597312927
400	95.845097303391
400.5	96.378302574158
401	96.749997138977
401.5	96.92320227623
402	96.89450263977099
402.5	97.27990031242399
403	97.255301475525
403.5	97.305500507355
404	97.07739949226401
404.5	97.608798742294
405	97.650700807571
405.5	97.342598438263
406	97.151398658752
406.5	96.689200401306
407	97.04229831695599
407.5	97.50239849090599
408	97.740000486374
408.5	97.818702459335
409	98.273497819901
409.5	98.569202423096
410	98.11760187149
410.5	98.249298334122
411	98.18109869957
411.5	97.81010150909401
412	97.822499275208
412.5	97.97400236129799
413	98.131102323532
413.5	98.59560132026701
414	98.592001199722
414.5	98.7380027771
415	98.480802774429
415.5	98.309099674225
416	98.313701152802
416.5	98.767101764679
417	98.786598443985
417.5	98.755198717117
418	98.48510026931801
418.5	98.892098665237
419	98.612499237061
419.5	98.687201738358
420	98.89410138130201
420.5	98.294901847839
421	98.721301555634
421.5	98.312598466873
422	98.47750067710899
422.5	98.826998472214
423	98.672598600388
423.5	98.98139834403999
424	99.019300937653
424.5	98.618698120117
425	98.77650141716
425.5	98.35389852523801
426	98.51030111312899
426.5	98.635500669479
427	98.89919757843
427.5	98.973798751831
428	98.85830283165001
428.5	99.014002084732
429	98.921400308609
429.5	98.997700214386
430	98.803001642227
430.5	98.970097303391
431	98.847502470016
431.5	98.83720278739901
432	99.11789894104
432.5	99.012100696564
433	99.14900064468401
433.5	98.731100559235
434	99.032998085022
434.5	98.514199256897
435	98.62869977951
435.5	98.757100105286
436	98.459899425507
436.5	98.57100248336799
437	98.445397615433
437.5	98.36919903755201
438	97.565001249313
438.5	97.679299116135
439	97.58260250091601
439.5	98.23570251464801
440	98.51059913635301
440.5	98.430699110031
441	98.430299758911
441.5	98.55690002441399
442	98.299098014832
442.5	98.33049774169899
443	98.604899644852
443.5	98.45640063285799
444	98.669999837875
444.5	98.551797866821
445	98.946797847748
445.5	98.86599779129
446	98.664802312851
446.5	99.121201038361
447	98.722797632217
447.5	98.912698030472
448	98.773497343063
448.5	98.58350157737699
449	98.880797624588
449.5	98.584097623825
450	98.21130037307701
450.5	98.207002878189
451	98.215901851654
451.5	98.360598087311
452	98.241001367569
452.5	98.479402065277
453	98.329502344131
453.5	98.136502504349
454	98.2361972332
454.5	97.999399900436
455	97.92230129241901
455.5	98.06309938430799
456	98.057800531387
456.5	98.444098234177
457	98.650300502777
457.5	98.979997634888
458	98.59179854393
458.5	98.181998729706
459	98.294097185135
459.5	98.33840131759601
460	98.166799545288
460.5	98.367202281952
461	98.695397377014
461.5	98.64439964294401
462	98.885697126389
462.5	98.75500202178999
463	98.506999015808
463.5	98.30030202865599
464	98.176497220993
464.5	97.961902618408
465	97.767198085785
465.5	97.786402702332
466	97.744500637054
466.5	97.863501310349
467	97.98700213432299
467.5	98.015999794006
468	98.169499635696
468.5	97.54440188407901
469	97.135102748871
469.5	96.139299869537
470	95.441401004791
470.5	95.577698945999
471	96.02609872818
471.5	96.970200538635
472	97.308897972107
472.5	97.596001625061
473	97.382497787476
473.5	97.593802213669
474	97.339498996735
474.5	97.348898649216
475	97.426497936249
475.5	97.728002071381
476	97.79360294342
476.5	97.850501537323
477	98.062700033188
477.5	97.501397132874
478	97.823697328568
478.5	97.53649830818199
479	97.85940051078799
479.5	97.909599542618
480	97.577601671219
480.5	97.025400400162
481	95.840001106262
481.5	94.833499193192
482	93.497598171234
482.5	92.722100019455
483	92.161798477173
483.5	91.20579957961999
484	90.719497203827
484.5	90.31710028648399
485	91.491097211838
485.5	92.553400993347
486	92.87390112876899
486.5	91.654598712921
487	90.001600980759
487.5	81.312900781631
488	57.698297500609996
488.5	28.598698973656
489	5.3970698267221
489.5	2.4354400113225
490	0.60405298136175
490.5	0.15699199866503
491	0.042969200876541006
491.5	0.013403799675871
492	0.0046600798668805996
492.5	0.0018093600374414
493	0.00079895899034454
493.5	0.00035373000173422
494	0.00019443500605121
494.5	0.00010228200153506
495	0.000095000001465451
495.5	0.000095000001465451
496	0.000095000001465451
496.5	0.000095000001465451
497	0.000095000001465451
497.5	0.000095000001465451
498	0.000095000001465451
498.5	0.000095000001465451
499	0.000095000001465451
499.5	0.000095000001465451
500	0.000095000001465451
500.5	0.000095000001465451
501	0.000095000001465451
501.5	0.000095000001465451
502	0.000095000001465451
502.5	0.000095000001465451
503	0.00011134400210722001
503.5	0.00022019200969224998
504	0.00048739898375061
504.5	0.0007505710073019101
505	0.0008422130122198699
505.5	0.00073656901804497
506	0.0005116869942867199
506.5	0.00043944601202384
507	0.00042343799577793
507.5	0.00046625200411654
508	0.0005118390163261201
508.5	0.00055230198086065
509	0.00056227800087072
509.5	0.00056319699979213
510	0.00050820499382098
510.5	0.00045812598727935005
511	0.0005253109975456
511.5	0.0005138870164955701
512	0.0005453150151879501
512.5	0.00049935101742449
513	0.00048503497964703
513.5	0.00046013001337997
514	0.00043436498344818
514.5	0.00042915098674712
515	0.00046046197894611
515.5	0.00054448501032311
516	0.00055597702157684
516.5	0.00059730500652222
517	0.00042682499952207
517.5	0.00036595999972633
518	0.00030463199891528
518.5	0.00021250100417092
519	0.00033374599297531
519.5	0.00034746899473248
520	0.00035446400943329
520.5	0.00049532000048202
521	0.00052836999202555
521.5	0.00053624398788088
522	0.00052723999033333
522.5	0.00047658500079706
523	0.00047134799388004
523.5	0.00050635799198062
524	0.00042545298128971
524.5	0.00038951598071435
525	0.00026779600830196
525.5	0.00019992799025203998
526	0.00018103600041286
526.5	0.00016034599639170002
527	0.00015305099623219999
527.5	0.00026436300686328
528	0.00044689800233755
528.5	0.00049164700612891
529	0.00046140698941599004
529.5	0.00037929100926703996
530	0.00031702800242783003
530.5	0.00036025498957315
531	0.00031106199003261
531.5	0.00019637600416900003
532	0.000095000001465451
532.5	0.000095000001465451
533	0.000095000001465451
533.5	0.000095000001465451
534	0.000095000001465451
534.5	0.000095000001465451
535	0.000095000001465451
535.5	0.000095000001465451
536	0.000095000001465451
536.5	0.000095000001465451
537	0.000095000001465451
537.5	0.000095000001465451
538	0.000095000001465451
538.5	0.000095000001465451
539	0.000095000001465451
539.5	0.000095000001465451
540	0.000095000001465451
540.5	0.000095000001465451
541	0.00033222599995497
541.5	0.0008870440069586
542	0.0010239100447507
542.5	0.00059130397858098
543	0.00024474099973303997
543.5	0.00021252199076116
544	0.0001866920001703
544.5	0.00009663440323493
545	0.000095000001465451
545.5	0.000095000001465451
546	0.000095000001465451
546.5	0.000095000001465451
547	0.000095000001465451
547.5	0.00010718099474616
548	0.00014242400538933
548.5	0.00036940700738342003
549	0.00072698098847468
549.5	0.0010603000191622
550	0.0009293100447393999
550.5	0.0006990640031290199
551	0.00056378698900517
551.5	0.00061489199651987
552	0.00070721698648413
552.5	0.0006507570105895899
553	0.0006418939847208099
553.5	0.00060900702010258
554	0.00057495899454807
554.5	0.00044303601498541
555	0.00028683000437013
555.5	0.00013502300362234
556	0.00011455299500085
556.5	0.000095000001465451
557	0.000095000001465451
557.5	0.000095000001465451
558	0.000095000001465451
558.5	0.000095000001465451
559	0.000095000001465451
559.5	0.00013139300563125002
560	0.00038757498259656007
560.5	0.00038309899537126
561	0.00017061399830709
561.5	0.000095000001465451
562	0.000095000001465451
562.5	0.000095000001465451
563	0.000095000001465451
563.5	0.000095000001465451
564	0.000095000001465451
564.5	0.000095000001465451
565	0.000095000001465451
565.5	0.000095000001465451
566	0.00026645100206224
566.5	0.00066733400672092
567	0.0006669220056210201
567.5	0.00024438900254609
568	0.000095000001465451
568.5	0.000095000001465451
569	0.000095000001465451
569.5	0.000095000001465451
570	0.000095000001465451
570.5	0.000095000001465451
571	0.000095000001465451
571.5	0.000095000001465451
572	0.000095000001465451
572.5	0.000095000001465451
573	0.000095000001465451
573.5	0.000095000001465451
574	0.000095000001465451
574.5	0.000095000001465451
575	0.000095000001465451
575.5	0.000095000001465451
576	0.000095000001465451
576.5	0.000095000001465451
577	0.000095000001465451
577.5	0.000095000001465451
578	0.000095000001465451
578.5	0.00024375899556616998
579	0.00042687402128649003
579.5	0.00034376901112409997
580	0.00009733220167618101
580.5	0.000095000001465451
581	0.000095000001465451
581.5	0.000095000001465451
582	0.000095000001465451
582.5	0.000095000001465451
583	0.000095000001465451
583.5	0.000095000001465451
584	0.000095000001465451
584.5	0.000095000001465451
585	0.000095000001465451
585.5	0.000095000001465451
586	0.000095000001465451
586.5	0.000095000001465451
587	0.000095000001465451
587.5	0.00033458400139352003
588	0.00076395999712986
588.5	0.00092487998699653
589	0.0005777400019724199
589.5	0.00022441099645221
590	0.00018116700175597
590.5	0.00014272500266088
591	0.00012316800166445001
591.5	0.00012197000387459
592	0.00011310800118736
592.5	0.00012402999800543
593	0.00019762899228226
593.5	0.000282399992102
594	0.00036126100440015
594.5	0.00038268999560387
595	0.00021692599148082
595.5	0.00010230399993816
596	0.000095000001465451
596.5	0.000095000001465451
597	0.000095000001465451
597.5	0.000095000001465451
598	0.000095000001465451
598.5	0.000095000001465451
599	0.000095000001465451
599.5	0.000095000001465451
600	0.00011584500043682
600.5	0.00030098999559414
601	0.00065039398577937
601.5	0.0008859789886628299
602	0.00073418200372544
602.5	0.00038937000681472
603	0.00028601600661204
603.5	0.00026973800686392
604	0.00028451399884943
604.5	0.00035726400255953
605	0.00038764501368860005
605.5	0.00037514701034524
606	0.00035226701129432
606.5	0.00032120999549079
607	0.00030413100375881
607.5	0.0003587389983295
608	0.00041150201468554006
608.5	0.00039981400732358
609	0.00029532500320784
609.5	0.0001933630073836
610	0.000095000001465451
610.5	0.000095000001465451
611	0.000095000001465451
611.5	0.00012292499604881998
612	0.00023572099507874
612.5	0.00028371900953060996
613	0.00017721299627738
613.5	0.000095000001465451
614	0.000095000001465451
614.5	0.000095000001465451
615	0.000095000001465451
615.5	0.000095000001465451
616	0.000095000001465451
616.5	0.000095000001465451
617	0.000095000001465451
617.5	0.000095000001465451
618	0.000095000001465451
618.5	0.000095000001465451
619	0.000095000001465451
619.5	0.000095000001465451
620	0.000095000001465451
620.5	0.00027189701086172
621	0.00055713398978696
621.5	0.00040310801523447005
622	0.000095000001465451
622.5	0.000095000001465451
623	0.000095000001465451
623.5	0.000095000001465451
624	0.000095000001465451
624.5	0.000095000001465451
625	0.000095000001465451
625.5	0.000095000001465451
626	0.000095000001465451
626.5	0.000095000001465451
627	0.000095000001465451
627.5	0.000095000001465451
628	0.00014848100136078
628.5	0.00014635099887528
629	0.000095000001465451
629.5	0.000095000001465451
630	0.000095000001465451
630.5	0.000095000001465451
631	0.000095000001465451
631.5	0.000095000001465451
632	0.000095000001465451
632.5	0.000095000001465451
633	0.000095000001465451
633.5	0.000095000001465451
634	0.000095000001465451
634.5	0.000095000001465451
635	0.000095000001465451
635.5	0.000095000001465451
636	0.000095000001465451
636.5	0.000095000001465451
637	0.000095000001465451
637.5	0.000095000001465451
638	0.000095000001465451
638.5	0.000095000001465451
639	0.000095000001465451
639.5	0.000095000001465451
640	0.000095000001465451
640.5	0.000095000001465451
641	0.000095000001465451
641.5	0.000095000001465451
642	0.000095000001465451
642.5	0.000095000001465451
643	0.000095000001465451
643.5	0.000095000001465451
644	0.000095000001465451
644.5	0.000095000001465451
645	0.000095000001465451
645.5	0.000095000001465451
646	0.000095000001465451
646.5	0.000095000001465451
647	0.000095000001465451
647.5	0.000095000001465451
648	0.000095000001465451
648.5	0.000095000001465451
649	0.000095000001465451
649.5	0.000095000001465451
650	0.000095000001465451
650.5	0.000095000001465451
651	0.000095000001465451
651.5	0.000095000001465451
652	0.000095000001465451
652.5	0.000095000001465451
653	0.000095000001465451
653.5	0.000095000001465451
654	0.000095000001465451
654.5	0.000095000001465451
655	0.000095000001465451
655.5	0.000095000001465451
656	0.000095000001465451
656.5	0.000095000001465451
657	0.000095000001465451
657.5	0.000095000001465451
658	0.000095000001465451
658.5	0.000095000001465451
659	0.000095000001465451
659.5	0.000095000001465451
660	0.000095000001465451
660.5	0.000095000001465451
661	0.000095000001465451
661.5	0.000095000001465451
662	0.0004649849870475
662.5	0.0055432399676647
663	0.010912199650193001
663.5	0.006847530312370499
664	0.0011791499673564
664.5	0.00011621000339801
665	0.000095000001465451
665.5	0.000095000001465451
666	0.000095000001465451
666.5	0.000095000001465451
667	0.000095000001465451
667.5	0.000095000001465451
668	0.000095000001465451
668.5	0.000095000001465451
669	0.000095000001465451
669.5	0.000095000001465451
670	0.000095000001465451
670.5	0.000095000001465451
671	0.000095000001465451
671.5	0.000095000001465451
672	0.00051731399253185
672.5	0.0017813599697546999
673	0.0019971799702034
673.5	0.0007978659596119499
674	0.000095000001465451
674.5	0.000095000001465451
675	0.000095000001465451
675.5	0.000095000001465451
676	0.000095000001465451
676.5	0.000095000001465451
677	0.000095000001465451
677.5	0.000095000001465451
678	0.000095000001465451
678.5	0.000095000001465451
679	0.000095000001465451
679.5	0.000095000001465451
680	0.000095000001465451
680.5	0.000095000001465451
681	0.000095000001465451
681.5	0.000095000001465451
682	0.000095000001465451
682.5	0.000095000001465451
683	0.00019146700651618
683.5	0.0002791789938783
684	0.00023267700726137
684.5	0.000095000001465451
685	0.000095000001465451
685.5	0.000095000001465451
686	0.000095000001465451
686.5	0.000095000001465451
687	0.000095000001465451
687.5	0.000095000001465451
688	0.000095000001465451
688.5	0.000095000001465451
689	0.000095000001465451
689.5	0.000095000001465451
690	0.000095000001465451
690.5	0.000095000001465451
691	0.000095000001465451
691.5	0.00011405700206524001
692	0.0001653649974287
692.5	0.00032371499401052
693	0.00071644699346507
693.5	0.0011900299796253
694	0.0014729300346516998
694.5	0.0013563099855673
695	0.00097854399427888
695.5	0.0008292479833471601
696	0.00082211599874427
696.5	0.000860528962221
697	0.00083948298197356
697.5	0.0010143699910259
698	0.0010165599633183
698.5	0.0011263299711572
699	0.0010311299774912
699.5	0.00099907601907034
700	0.0009002130354929201
700.5	0.0008501880074618399
701	0.00067651699282578
701.5	0.0005091389994049699
702	0.00043852401176991
702.5	0.00031182100883598
703	0.00026673199045035
703.5	0.00016421499822172
704	0.00017241100067622
704.5	0.00010810299500008
705	0.00012648599749809
705.5	0.000095000001465451
706	0.000095000001465451
706.5	0.000095000001465451
707	0.000095000001465451
707.5	0.000095000001465451
708	0.000095000001465451
708.5	0.000095000001465451
709	0.000095000001465451
709.5	0.000095000001465451
710	0.000095000001465451
710.5	0.000095000001465451
711	0.000095000001465451
711.5	0.000095000001465451
712	0.000095000001465451
712.5	0.00010027399639512
713	0.00016068800050562
713.5	0.00019159299426974
714	0.00020918998870911
714.5	0.00029815998914273
715	0.00039050801206031
715.5	0.00051755700951617
716	0.00065992499003187
716.5	0.0007380000170087401
717	0.0007212210221041501
717.5	0.00066423799580662
718	0.00057775100685831
718.5	0.00057646898312669
719	0.0004334769982961
719.5	0.00033207199976459
720	0.00028520701107482
720.5	0.00029401799110929
721	0.00025467700197623
721.5	0.00025450599423493
722	0.00023761899683450002
722.5	0.00021005701000831
723	0.00014304599744719
723.5	0.00020936799955962001
724	0.00021585599370155
724.5	0.00019287599570816
725	0.00016079200122476
725.5	0.00022456399619841
726	0.00019790500118687998
726.5	0.00024016499082791002
727	0.00028866500088042997
727.5	0.00033348599117744
728	0.00044275598156673005
728.5	0.00053441999625647
729	0.00057093498071481
729.5	0.00075948100857204
730	0.0006877939995319999
730.5	0.00084347002484719
731	0.00098135596999782
731.5	0.0010358099643781001
732	0.0010113200005435002
732.5	0.0009798490282264501
733	0.0009479959771852
733.5	0.00098872897069668
734	0.00089234599727206
734.5	0.00094127099146135
735	0.00074071099334105
735.5	0.00086980799096636
736	0.00070413698267657
736.5	0.00087614098447375
737	0.0007470639957318799
737.5	0.00065656599872455
738	0.00053763401410833
738.5	0.00050431199269951
739	0.00049790000957728
739.5	0.00040525101212552
740	0.00041963999137806
740.5	0.00046957397898949997
741	0.00022631800220551998
741.5	0.00033548199098732003
742	0.00032782199923531
742.5	0.00032909199489949997
743	0.00026647298909666
743.5	0.00020254899482096997
744	0.00037925499327684997
744.5	0.00025541799004714
745	0.00023850100205891
745.5	0.00043414997890067996
746	0.00032553300570726
746.5	0.00045388801481749
747	0.00040813602026900996
747.5	0.00039790597838874
748	0.00025511099011055
748.5	0.00022867600364407
749	0.00025802301024668996
749.5	0.00026525599423621
750	0.00018780799564411
750.5	0.00025507199552521
751	0.00022074300431996
751.5	0.00021799301066494
752	0.00014887699535393
752.5	0.00015694499779784
753	0.000095000001465451
753.5	0.00012375900269035
754	0.00010819400131368
754.5	0.00010165399544348
755	0.000095000001465451
755.5	0.000095000001465451
756	0.000095000001465451
756.5	0.000095000001465451
757	0.000095000001465451
757.5	0.000095000001465451
758	0.000095000001465451
758.5	0.000095000001465451
759	0.00010802899623741001
759.5	0.000095000001465451
760	0.000095000001465451
760.5	0.000095000001465451
761	0.000095000001465451
761.5	0.000096714995834191
762	0.000095000001465451
762.5	0.000095000001465451
763	0.000095000001465451
763.5	0.000095000001465451
764	0.00015956700281094998
764.5	0.000095000001465451
765	0.00010561300314292999
765.5	0.000095000001465451
766	0.000095000001465451
766.5	0.000095000001465451
767	0.00024051500986388
767.5	0.000095000001465451
768	0.000095000001465451
768.5	0.00010003800525736999
769	0.00023076599973137
769.5	0.000095000001465451
770	0.00027478499760036
770.5	0.00040752202039585
771	0.00043739100874518
771.5	0.00029861100756533996
772	0.00042257402128598003
772.5	0.00059082199186378
773	0.0005126069936523
773.5	0.00056514800235163
774	0.00030737899123778
774.5	0.00030793601126788
775	0.00036511000871541997
775.5	0.00037904299006186
776	0.00030953299301473
776.5	0.00046144300540617997
777	0.00013100999467496999
777.5	0.00037269599033607
778	0.00035410600958130003
778.5	0.00022717799765815
779	0.00040810000427882003
779.5	0.00030783498914387997
780	0.00044183498175698
780.5	0.00054717997954867
781	0.00053493599807553
781.5	0.00036365199775901
782	0.00070416999733425
782.5	0.00051051501941402
783	0.00011617700010902001
783.5	0.00032339999052056004
784	0.00020958100321876998
784.5	0.00023417098873324
785	0.00016727100273783001
785.5	0.00030255500860220996
786	0.00032298601126968
786.5	0.00015029199857963
787	0.000095000001465451
787.5	0.000095000001465451
788	0.00012144499805800001
788.5	0.00025679998998385
789	0.00013782199630441
789.5	0.00011869899481098
790	0.000095887196494004
790.5	0.00014547499631590002
791	0.00032740999813541
791.5	0.00049125101213576
792	0.00028711499453493
792.5	0.00074133199632342
793	0.00067235901042295
793.5	0.0011443199582572999
794	0.0007583139904454601
794.5	0.0007074980203469701
795	0.0007692970029893301
795.5	0.00039493597796536
796	0.00029687300866499
796.5	0.00032198799999605003
797	0.00039361898416246
797.5	0.00029576999622805
798	0.000095000001465451
798.5	0.00017800799696488
799	0.00034247600524395
799.5	0.00033518999771331003
800	0.00037490899558179
800.5	0.00036861899843643
801	0.00036232299862604
801.5	0.00036736500987898996
802	0.00037240699839458
802.5	0.00039957899389265
803	0.00042676001612563
803.5	0.00045058300202071997
804	0.00047441199058085003
804.5	0.00048204701670329
805	0.00048968299779517
805.5	0.00049846398724185
806	0.0005072290150565101
806.5	0.0005251560196484201
807	0.00054309498409566
807.5	0.00052826999308309
808	0.0005134490038472
808.5	0.0005061509909865
809	0.00049885002226802
809.5	0.00048473598326382
810	0.00047060698307178
810.5	0.00045198798943602
811	0.00043336999624444004
811.5	0.0003744810101125
812	0.00031556899102725
812.5	0.00030407500162255
813	0.00029260700102895
813.5	0.00025960500806832
814	0.00022657200133835
814.5	0.00023393899937219
815	0.00024130099518515998
815.5	0.00020143500023551001
816	0.00016149000430232
816.5	0.00017349300378555
817	0.00018547300442151
817.5	0.00014563599961548001
818	0.00010578700084807
818.5	0.00013678200048162
819	0.00016774699815868998
819.5	0.00017681099961919
820	0.00018588300463307
820.5	0.00020001300526928
821	0.00021412699879875
821.5	0.00026623899884726
822	0.00031833799312153
822.5	0.00034050299291266004
823	0.00036267299492465
823.5	0.00039907199607114004
824	0.00043550799091463004
824.5	0.00046224899961089006
825	0.00048893798521021
825.5	0.0005140119810676
826	0.0005391369995777501
826.5	0.00056496201068512
827	0.00059075300669065
827.5	0.0005870169843547
828	0.00058328200793767
828.5	0.0005902119937673
829	0.00059713897826441
829.5	0.00056820399549906
830	0.00053923999985273
830.5	0.00051813399295497
831	0.00049704399316397
831.5	0.00046659001782245
832	0.00043613199522952
832.5	0.00037964000512147
833	0.00032311600079993003
833.5	0.00029355101105466
834	0.00026401899049233
834.5	0.00022240399175644002
835	0.00018078500261254
835.5	0.00016365199826396
836	0.00014651500350737
836.5	0.00012886099511888
837	0.00011121200031994
837.5	0.00010310000106983001
838	0.000095000001465451
838.5	0.000095000001465451
839	0.000095000001465451
839.5	0.000095000001465451
840	0.000095000001465451
840.5	0.000095000001465451
841	0.000095000001465451
841.5	0.000095000001465451
842	0.000095000001465451
842.5	0.000095000001465451
843	0.000095000001465451
843.5	0.000095000001465451
844	0.000095000001465451
844.5	0.000095000001465451
845	0.000095000001465451
845.5	0.00010137199524252
846	0.00011686499874485999
846.5	0.00011871600236190999
847	0.00012056799505444
847.5	0.00011869000218212
848	0.00011681299838529
848.5	0.00013249699577500001
849	0.00014818599538557
849.5	0.00012677400036409
850	0.00010538100241320001
850.5	0.00010119299531651999
851	0.00009701140015749801
851.5	0.000095000001465451
852	0.000095000001465451
852.5	0.000095000001465451
853	0.000095000001465451
853.5	0.000095000001465451
854	0.000095000001465451
854.5	0.000095000001465451
855	0.000095000001465451
855.5	0.000095000001465451
856	0.000095000001465451
856.5	0.000095000001465451
857	0.000095000001465451
857.5	0.000095000001465451
858	0.000095000001465451
858.5	0.000095000001465451
859	0.000095000001465451
859.5	0.000095000001465451
860	0.000095000001465451
860.5	0.00009888680096992201
861	0.00012125700550314001
861.5	0.00014678399793411
862	0.00017229100421901
862.5	0.00020633699477912
863	0.00024034600301093
863.5	0.00026552700091997
864	0.00029070199616399004
864.5	0.00031292399853555
865	0.00033512699246784997
865.5	0.00034192601106042
866	0.00034872900869232
866.5	0.00034535100894573
867	0.00034197798868263
867.5	0.00033429801078455003
868	0.00032661500881658997
868.5	0.00030619000881416
869	0.00028577999273693
869.5	0.00029330799407035
870	0.00030084399895713
870.5	0.00027527698875929
871	0.00024974799543998
871.5	0.00025641600132076
872	0.00026309101031075
872.5	0.00025090200779232
873	0.00023871800749475
873.5	0.00024443099846394
874	0.00025013600861712
874.5	0.00028781601031369
875	0.00032548800845689
875.5	0.0003567000021576
876	0.00038792700252088
876.5	0.00044816601985076004
877	0.00050831599764933
877.5	0.00054645802265441
878	0.00058465298025112
878.5	0.00060309698710626
879	0.00062150998019206
879.5	0.00060450897763076
880	0.0005874970156583
880.5	0.0005965030140942
881	0.00060548800320248
881.5	0.0005628699909721
882	0.0005202090051170701
882.5	0.00053350499911176
883	0.00054680499488313
883.5	0.00050221901801706
884	0.00045768001655233
884.5	0.00046615600695077
885	0.00047462399379583
885.5	0.00048286601668224
886	0.00049110899453808
886.5	0.00051405800149951
887	0.0005370210146793399
887.5	0.0005810340098832999
888	0.00062501799220627
888.5	0.00064786399889272
889	0.00067070500335831
889.5	0.00070777600740257
890	0.00074484501055849
890.5	0.00077199401857797
891	0.0007991129677975599
891.5	0.0008291480298794299
892	0.00085915798990754
892.5	0.0008262129995273401
893	0.0007932439984870099
893.5	0.00073434098339931
894	0.00067544801822805
894.5	0.00063571801547369
895	0.00059600201893772
895.5	0.00055012701523083
896	0.00050427602218406
896.5	0.0004683320184995
897	0.00043242098399787
897.5	0.0004136719780945
898	0.00039491701500083
898.5	0.00040170798456529004
899	0.00040850300138118
899.5	0.00038961397876847
900	0.00037072200029797
900.5	0.00037692500427511
901	0.00038312600736390003
901.5	0.00037615100154653
902	0.00036918499972671
902.5	0.00036964299852116
903	0.0003701009973156
903.5	0.00038493899410241
904	0.00039977899177757
904.5	0.00040420400182484
905	0.00040862501009542
905.5	0.00042351898628112
906	0.00043842801460414
906.5	0.00047037201511557
907	0.0005022970071877401
907.5	0.00051627098400786
908	0.00053026101340947
908.5	0.0005046909791417399
909	0.00047914700189722
909.5	0.00047418898247996995
910	0.00046923200898163004
910.5	0.00042601500354067
911	0.00038284001675493
911.5	0.00034116098959203003
912	0.00029948701012472
912.5	0.00026541099487076
913	0.00023133700324252
913.5	0.00018702199895415
914	0.00014271499821916
914.5	0.00011123199783469
915	0.000095000001465451
915.5	0.000095000001465451
916	0.000095000001465451
916.5	0.000095000001465451
917	0.000095000001465451
917.5	0.000095000001465451
918	0.000095000001465451
918.5	0.000095000001465451
919	0.000095000001465451
919.5	0.000095000001465451
920	0.000095000001465451
920.5	0.000095000001465451
921	0.000095000001465451
921.5	0.000095000001465451
922	0.000095000001465451
922.5	0.000095000001465451
923	0.000095000001465451
923.5	0.000095000001465451
924	0.000095000001465451
924.5	0.000095000001465451
925	0.000095000001465451
925.5	0.000095000001465451
926	0.000095000001465451
926.5	0.000095000001465451
927	0.000095000001465451
927.5	0.000095000001465451
928	0.000095000001465451
928.5	0.000095000001465451
929	0.000095000001465451
929.5	0.000095000001465451
930	0.000095000001465451
930.5	0.000095000001465451
931	0.000095000001465451
931.5	0.000095000001465451
932	0.000095000001465451
932.5	0.00009886520047075501
933	0.00012149699841757
933.5	0.00011788599749707001
934	0.00011427199524404999
934.5	0.00017688399793769
935	0.00023946299734234
935.5	0.00025811800696829
936	0.00027675500859914
936.5	0.00032558000384597
937	0.00037445499856403
937.5	0.00044587000047613005
938	0.0005172740202397099
938.5	0.00055905798035383
939	0.00060084898905188
939.5	0.0006223160198715
940	0.00064378400566056
940.5	0.00065198601078009
941	0.00066018301367876
941.5	0.0006506470072054101
942	0.0006410879905161
942.5	0.00060246497923799
943	0.00056393400882371
943.5	0.0005438189873530101
944	0.00052367599892023
944.5	0.00047023399929457994
945	0.00041675298234622004
945.5	0.00038720600059605
946	0.00035765899610851
946.5	0.00031660599688621
947	0.0002755640025498
947.5	0.00026318100481149
948	0.0002507719955247
948.5	0.00024387900339206998
949	0.00023699799385213
949.5	0.00021817199922225002
950	0.0001993520072574
950.5	0.00019251799585617998
951	0.00018567900497146
951.5	0.00016922399481700002
952	0.0001527699964754
952.5	0.0001653869958318
953	0.00017799100078264
953.5	0.00016085000424937001
954	0.00014367300309459
954.5	0.0001691509964985
955	0.00019463900571282
955.5	0.00020708100691990998
956	0.00021950700102025
956.5	0.00025642200398578996
957	0.00029330299184949
957.5	0.00031301199214795
958	0.00033275900932495
958.5	0.00042349402065156
959	0.00051423799050099
959.5	0.00070377000156441
960	0.0008932090167945699
960.5	0.0010655199730536
961	0.0012378600331431002
961.5	0.0013120000403433001
962	0.001386139956594
962.5	0.0013042200407654
963	0.0012223499652464001
963.5	0.0010295500032953
964	0.000836743038235
964.5	0.00066944799073099
965	0.00050209200708196
965.5	0.00042217998270644
966	0.000342270004694
966.5	0.00029300899768714
967	0.00024373700853175001
967.5	0.00021850898974662
968	0.00019330700524733
968.5	0.00018131700016966
969	0.00016930599713305
969.5	0.00016735100416554
970	0.00016539700027352
970.5	0.00016165199667739
971	0.00015790700444995
971.5	0.00016419600115114
972	0.00017049100051736
972.5	0.00016098799733299998
973	0.00015149199725784
973.5	0.00017264200096178998
974	0.00019378999240871
974.5	0.00019794399577221998
975	0.00020209699869155998
975.5	0.00026145698939217
976	0.00032075799936138
976.5	0.00035664600090968
977	0.00039254700823221
977.5	0.00043523800741241
978	0.00047788398660487
978.5	0.00050187500164611
979	0.00052586301535484
979.5	0.00052659602260974
980	0.00052732998483407
980.5	0.00045831898205506
981	0.00038938001125643
981.5	0.00035903799471271
982	0.00032869700135052
982.5	0.00028033400667482
983	0.0002320050043636
983.5	0.00021729999843956001
984	0.00020258501081116002
984.5	0.00018076999594995998
985	0.00015895400338195
985.5	0.00013324199699127
986	0.00010754899903986
986.5	0.00012298299907343002
987	0.00013843599617758
987.5	0.00012095099464204
988	0.00010351000128139001
988.5	0.00011178799468325
989	0.00012008199519187001
989.5	0.00010283599749528
990	0.000095000001465451
990.5	0.000095000001465451
991	0.000095000001465451
991.5	0.000095000001465451
992	0.000095000001465451
992.5	0.00010462199497852001
993	0.00012142900231993
993.5	0.00011336099987602
994	0.00010529900009715
994.5	0.000095000001465451
995	0.000095000001465451
995.5	0.00011575200460355999
996	0.00015209700450214
996.5	0.00013876899629395
997	0.00012545599474834
997.5	0.00014483599670712
998	0.00016423599618065
998.5	0.00013942600389782
999	0.00011463999953775999
999.5	0.00014076499610383
1000	0.00016544099707971002
1000.5	0.00015152600099099998
1001	0.00013762900152869
1001.5	0.00016021000419641
1002	0.00018281399434272002
1002.5	0.00017697300336295
1003	0.00017114299453169
1003.5	0.00016354099443561
1004	0.00015593100215483
1004.5	0.00016972600178633
1005	0.00018350300479142
1005.5	0.00018154399867853
1006	0.00017958100215765
1006.5	0.00020433799363673
1007	0.00022904800971446
1007.5	0.00024455100628984
1008	0.00026007899123215
1008.5	0.00029087200346112
1009	0.00032157299756363
1009.5	0.00032746399938333
1010	0.00033336600608891
1010.5	0.00036916001135978003
1011	0.00040491499930795
1011.5	0.00044139601413917
1012	0.00047792500481592
1012.5	0.00050242501856701
1013	0.00052688301366288
1013.5	0.00056895501074905
1014	0.00061107698456908
1014.5	0.00064365699472546
1015	0.00067615801526699
1015.5	0.00067595301516121
1016	0.00067574701461126
1016.5	0.00068628901317425
1017	0.00069682400862803
1017.5	0.0006805480097682399
1018	0.0006642560038017099
1018.5	0.0006476890121121001
1019	0.00063114298427536
1019.5	0.00062148101278581
1020	0.00061181299315649
1020.5	0.00061443802223948
1021	0.00061706000451522
1021.5	0.00062167100622901
1022	0.00062628801060782
1022.5	0.0006245079930522501
1023	0.00062273197727336
1023.5	0.00063469001361227
1024	0.0006466640115832
1024.5	0.0006723540082020901
1025	0.00069801399149583
1025.5	0.00074743397817656
1026	0.0007968459613039201
1026.5	0.00085344900071505
1027	0.00091006004367955
1027.5	0.0009548990419716599
1028	0.00099967901405762
1028.5	0.0011031000212824
1029	0.0012067100215063
1029.5	0.0012356300430838
1030	0.0012645000424527
1030.5	0.0012515200069174
1031	0.0012385199624987
1031.5	0.0011467899639683
1032	0.0010551600098551999
1032.5	0.0009978050002246198
1033	0.0009404319825989701
1033.5	0.00083053801063215
1034	0.00072064499363478
1034.5	0.00062824901760905
1035	0.00053592798394675
1035.5	0.00049512800615048
1036	0.00045422398216032997
1036.5	0.0004149189862801
1037	0.00037573199733743
1037.5	0.00034307199712202
1038	0.00031039301120472
1038.5	0.00028336301056697
1039	0.00025634199118939997
1039.5	0.00023628099370398998
1040	0.00021620999177685
1040.5	0.00020885099729638998
1041	0.00020148600015090998
1041.5	0.00020374300220282998
1042	0.00020599700292223003
1042.5	0.00019182200503564998
1043	0.00017763100004231
1043.5	0.00016042699826357
1044	0.00014324699577627999
1044.5	0.00015565999547107
1045	0.00016808299960757999
1045.5	0.00018538499944043002
1046	0.00020267800664441999
1046.5	0.00019503900148265998
1047	0.00018740499854175
1047.5	0.00017860800198831999
1048	0.00016980400232569
1048.5	0.00020305399175413
1049	0.00023627399059477998
1049.5	0.00023659999897062997
1050	0.00023692700779065
1050.5	0.00027159799174114997
1051	0.00030632099878858
1051.5	0.00033037499633792
1052	0.00035441100862953996
1052.5	0.00038010700791347003
1053	0.00040577101572126
1053.5	0.0004833460025111
1054	0.00056090598263836
1054.5	0.00063424399741052
1055	0.00070770402089693
1055.5	0.00078692301030969
1056	0.0008660090315970601
1056.5	0.0009104410310101199
1057	0.0009549229616823099
1057.5	0.0009897639756673
1058	0.001024579978548
1058.5	0.0010069799827761
1059	0.00098938098744838
1059.5	0.00093959897640161
1060	0.00088981796579901
1060.5	0.00083012901086477
1061	0.00077041995609761
1061.5	0.0007442390142387
1062	0.0007180420197982999
1062.5	0.0006624579782510399
1063	0.00060699999266944
1063.5	0.0005645650162477999
1064	0.0005220420007390201
1064.5	0.0005153669917490301
1065	0.00050869698497991
1065.5	0.00050659700718825
1066	0.0005044989848102
1066.5	0.00051778702072625
1067	0.0005310910182743099
1067.5	0.00055969298955461
1068	0.0005883120138605601
1068.5	0.00060290799410723
1069	0.00061748501138936
1069.5	0.0006606439910683499
1070	0.00070379701355705
1070.5	0.00077226395660546
1071	0.0008407209861616099
1071.5	0.00086869904407649
1072	0.0008966429959400599
1072.5	0.0009135310392594001
1073	0.0009304500053986
1073.5	0.0008619629625172799
1074	0.0007934550012578301
1074.5	0.00070364599196182
1075	0.00061382202147797
1075.5	0.00051665201681317
1076	0.00041941798372135996
1076.5	0.00035592499898485
1077	0.00029247999009384995
1077.5	0.00025570600428182
1078	0.00021897699298279
1078.5	0.00018438499864715
1079	0.00014972899862187
1079.5	0.00013482999747794
1080	0.00011992300414930999
1080.5	0.00010781400305859
1081	0.00009572770522936499
1081.5	0.00009879950084723501
1082	0.00010187500265602
1082.5	0.000095000001465451
1083	0.000095000001465451
1083.5	0.000095000001465451
1084	0.000095000001465451
1084.5	0.000095000001465451
1085	0.000095000001465451
1085.5	0.000095000001465451
1086	0.000095000001465451
1086.5	0.000095000001465451
1087	0.000095000001465451
1087.5	0.000095000001465451
1088	0.000095000001465451
1088.5	0.000095000001465451
1089	0.000095000001465451
1089.5	0.000095000001465451
1090	0.000095000001465451
1090.5	0.000095000001465451
1091	0.000095000001465451
1091.5	0.000095000001465451
1092	0.000095000001465451
1092.5	0.000095000001465451
1093	0.000095000001465451
1093.5	0.000095000001465451
1094	0.000095000001465451
1094.5	0.000095000001465451
1095	0.000095000001465451
1095.5	0.000095000001465451
1096	0.000095000001465451
1096.5	0.000095000001465451
1097	0.000095000001465451
1097.5	0.000095000001465451
1098	0.000095000001465451
1098.5	0.000095000001465451
1099	0.000095000001465451
1099.5	0.000095000001465451
1100	0.000095000001465451
1100.5	0.000095000001465451
1101	0.000095000001465451
1101.5	0.00010372100405219999
1102	0.00011808699582616001
1102.5	0.0001243990027433
1103	0.00013072000228930999
1103.5	0.00016277999748127
1104	0.00019488800262479
1104.5	0.00020067600416951
1105	0.00020645800304919
1105.5	0.00025789299797907
1106	0.0003093259920206
1106.5	0.00036982200981583
1107	0.000430343015978
1107.5	0.0004844910108659
1108	0.0005386059910961199
1108.5	0.000585845009482
1109	0.00063315301304101
1109.5	0.00057165898397216
1110	0.0005102649993205
1110.5	0.00048096899263328
1111	0.00045165002120483997
1111.5	0.00037416100440169
1112	0.00029667301078007004
1112.5	0.00027826799851027
1113	0.00025987098979385
1113.5	0.00024429100449197
1114	0.00022872300178278
1114.5	0.00022058800368541002
1115	0.00021244400159048
1115.5	0.00019603899090725002
1116	0.00017964599692277
1116.5	0.00015173700376181
1117	0.00012378800420265
1117.5	0.00012586799584824
1118	0.00012794999975085
1118.5	0.00011516100357767
1119	0.00010239999710393
1119.5	0.00011952399745496
1120	0.00013668500287167
1120.5	0.00011286100516372
1121	0.000095000001465451
1121.5	0.00010694300272007
1122	0.00012486400464695
1122.5	0.00012117400274292
1123	0.00011748199995054
1123.5	0.00012783500551450001
1124	0.00013815999864163998
1124.5	0.00012632799553103
1125	0.0001144450038737
1125.5	0.00013355600003706
1126	0.00015260300187947
1126.5	0.00016138600358317002
1127	0.00017019100368998
1127.5	0.00018945700048789
1128	0.00020868199044344
1128.5	0.00023524501102655998
1129	0.00026181699013249997
1129.5	0.00027824598873849
1130	0.00029466800697264
1130.5	0.00033534299745952
1131	0.00037601300846290997
1131.5	0.00037623399293807
1132	0.0003764550001506
1132.5	0.00042167398532911
1133	0.00046695699893461995
1133.5	0.0004852200163441
1134	0.0005034540208726001
1134.5	0.00053650901463698
1135	0.00056961198424688
1135.5	0.00056376497923338
1136	0.00055793398132664
1136.5	0.00056610301726323
1137	0.00057429201660852
1137.5	0.00057917000049201
1138	0.0005840549874847101
1138.5	0.00057050601753872
1139	0.00055695900300634
1139.5	0.00055093200899137
1140	0.0005449090167530799
1140.5	0.0005336320100468601
1141	0.0005223419975664
1141.5	0.0005304360001900899
1142	0.0005385139957070399
1142.5	0.00052725599744008
1143	0.00051597899073386
1143.5	0.00051342599363124
1144	0.00051086999519612
1144.5	0.00051201400310674
1145	0.0005131560101290201
1145.5	0.00053436101552506
1146	0.00055557597988809
1146.5	0.00055131999943114
1147	0.00054706902119506
1147.5	0.00053081098485563
1148	0.00051454098866088
1148.5	0.00054772699513705
1149	0.0005809590220451399
1149.5	0.00055899299695739
1150	0.00053704998208559
1150.5	0.00055911800700414
1151	0.00058120499488723
1151.5	0.00059040999076387
1152	0.00059960298131045
1152.5	0.00058011701185023
1153	0.00056065000535455
1153.5	0.00052620398491854
1154	0.00049165801101481
1154.5	0.00046947097871453004
1155	0.00044729799810738996
1155.5	0.00041856601455947005
1156	0.00038983898775768
1156.5	0.00035417499475443
1157	0.00031853298878559
1157.5	0.00028224399102328
1158	0.00024590699467808
1158.5	0.00027239800601819
1159	0.00029886500669818
1159.5	0.00026420300400787
1160	0.00022950500806473
1160.5	0.00021454700345203002
1161	0.00019960200461355
1161.5	0.00018193500181951
1162	0.00016425000239906002
1162.5	0.00017051199847629
1163	0.00017676800325717
1163.5	0.0001396750008098
1164	0.00010251300182062999
1164.5	0.00012603500181285
1165	0.00014953200206946
1165.5	0.00011854000376843001
1166	0.000095000001465451
1166.5	0.00009964800256057101
1167	0.00011173599432368
1167.5	0.00011909900194951
1168	0.00012645899687412998
1168.5	0.00011742299648176
1169	0.00010838799653357001
1169.5	0.00010618899750625
1170	0.00010398799759058999
1170.5	0.00010450800118633
1171	0.0001050270043379
1171.5	0.00011420700047893
1172	0.0001233819943991
1172.5	0.00011385900506865999
1173	0.00010433300303703001
1173.5	0.00012200699757159
1174	0.00013965700418339
1174.5	0.00010951799822577999
1175	0.000095000001465451
1175.5	0.00010545500117587
1176	0.00013155099622963
1176.5	0.00011755699915739001
1177	0.00010355699942011
1177.5	0.00010156500138691999
1178	0.000099574197065522
1178.5	0.00010289900274073999
1179	0.00010622700301610001
1179.5	0.00011402399877625
1180	0.00012182099453638999
1180.5	0.00016687799870851
1181	0.00021192499843891997
1181.5	0.00017693799918561
1182	0.00014197399877958
1182.5	0.0001553049969516
1183	0.00016865700445123
1183.5	0.00019345800410520002
1184	0.00021821499558428002
1184.5	0.00022411400095734
1185	0.00023002100988378998
1185.5	0.00024143300834112
1186	0.00025284500679845
1186.5	0.00026661500669433996
1187	0.00028038000436936
1187.5	0.00030729599984625
1188	0.00033416799851693
1188.5	0.00036735600588145
1189	0.00040056597754301005
1189.5	0.00044200601223565004
1190	0.00048344500100939
1190.5	0.00054576198635914
1191	0.00060812699302915
1191.5	0.00064879500314419
1192	0.0006895269962115
1192.5	0.00075102298069396
1193	0.00081248699643766
1193.5	0.00092238597062533
1194	0.0010322400157747
1194.5	0.0011573099982343
1195	0.0012821599739254
1195.5	0.0014712600204803
1196	0.0016604100892436999
1196.5	0.0019141400116496
1197	0.0021678699340555003
1197.5	0.0024985100026242
1198	0.0028293199648033
1198.5	0.0033328298741252997
1199	0.0038364298234227997
1199.5	0.0045693901483901
1200	0.005301670171320399
1200.5	0.000095000001465451