1 27831U 03028B   16214.62083888 -.00000174  00000+0  00000+0 0  9992
2 27831   0.0434 232.8969 0003894 272.3961 184.8476  1.00271812 48155
1 27831U 03028B   16215.63771175 -.00000174  00000+0  00000+0 0  9997
2 27831   0.0423 231.3884 0003893 274.3973 191.4308  1.00271849 48166
1 27831U 03028B   16216.64631390 -.00000174  00000+0  00000+0 0  9993
2 27831   0.0402 223.7229 0003911 282.6175 194.9661  1.00271851 48172
1 27831U 03028B   16218.21061275 -.00000171  00000+0  00000+0 0  9994
2 27831   0.0331 196.2608 0003947 310.5162  39.2182  1.00271860 48195
1 27831U 03028B   16218.58516911 -.00000170  00000+0  00000+0 0  9995
2 27831   0.0324 193.9434 0003966 313.0315 174.2301  1.00271892 16932
1 27831U 03028B   16219.51808211 -.00000168  00000+0  00000+0 0  9993
2 27831   0.0302 185.9980 0004007 321.4808 150.4935  1.00271847 48206
1 27831U 03028B   16219.62120363 -.00000167  00000+0  00000+0 0  9999
2 27831   0.0298 185.1015 0004014 322.4041 187.6920  1.00271844 16948
1 27831U 03028B   16220.62931234 -.00000164  00000+0  00000+0 0  9995
2 27831   0.0282 179.0309 0003962 327.6526 192.4329  1.00273051 48219
1 27831U 03028B   16221.55407414 -.00000162  00000+0  00000+0 0  9994
2 27831   0.0274 174.6093 0004058 332.3913 165.9457  1.00273122 16964
1 27831U 03028B   16222.59805988 -.00000159  00000+0  00000+0 0  9993
2 27831   0.0264 169.5241 0004113 331.1819 189.1123  1.00273109 48233
1 27831U 03028B   16223.57977992 -.00000158  00000+0  00000+0 0  9996
2 27831   0.0257 165.1579 0004225 337.9753 181.0733  1.00272999 16987
1 27831U 03028B   16224.06238543  .00000000  00000+0  10000-3 0  9993
2 27831   0.0233 172.9594 0004063 340.0973 345.3284  1.00266972 48247
1 27831U 03028B   16224.32271575 -.00000157  00000+0  00000+0 0  9993
2 27831   0.0257 161.5609 0004260 341.6788  89.1582  1.00272907 48254
1 27831U 03028B   16224.57576920 -.00000157  00000+0  00000+0 0  9992
2 27831   0.0255 160.6953 0004260 344.7114 178.3389  1.00272580 16990
1 27831U 03028B   16225.26587787 -.00000156  00000+0  00000+0 0  9991
2 27831   0.0257 157.3603 0004303 348.8775  66.6285  1.00272503 17005
1 27831U 03028B   16226.55660113 -.00000156  00000+0  00000+0 0  9999
2 27831   0.0259 152.5719 0004373 355.3087 170.9202  1.00272271 48271
1 27831U 03028B   16227.55465900 -.00000157  00000+0  00000+0 0  9998
2 27831   0.0262 148.9157 0004426   0.6822 169.4876  1.00272040 17029
1 27831U 03028B   16228.44650161 -.00000158  00000+0  00000+0 0  9993
2 27831   0.0269 146.2951 0004466   5.0828 129.6490  1.00271786 48297
1 27831U 03028B   16228.60810031 -.00000158  00000+0  00000+0 0  9995
2 27831   0.0268 145.4881 0004471   6.1497 187.7241  1.00271753 17030
1 27831U 03028B   16229.47921169 -.00000159  00000+0  00000+0 0  9997
2 27831   0.0276 143.4111 0004502   9.9205 140.4875  1.00271516 48306
1 27831U 03028B   16229.61899884 -.00000160  00000+0  00000+0 0  9993
2 27831   0.0276 142.7798 0004508  10.7839 190.7164  1.00271479 17042
1 27831U 03028B   16230.62739355 -.00000161  00000+0  00000+0 0  9993
2 27831   0.0522 252.9373 0004547 263.1768 192.1789  1.00271047 48311
1 27831U 03028B   16231.01159971  .00000000  00000+0  10000-3 0  9993
2 27831   0.0282 144.5230 0004129  15.0961 327.3332  1.00266621 48315
1 27831U 03028B   16231.53243707 -.00000162  00000+0  00000+0 0  9996
2 27831   0.0509 251.9570 0004562 266.0051 157.0352  1.00270855 17068
1 27831U 03028B   16232.50952263 -.00000163  00000+0  00000+0 0  9999
2 27831   0.0495 249.8341 0004568 270.3136 147.5591  1.00270606 48339
1 27831U 03028B   16232.74570863 -.00000164  00000+0  00000+0 0  9998
2 27831   0.0491 249.5130 0004572 271.2961 232.1562  1.00270506 17074
1 27831U 03028B   16233.59557506 -.00000165  00000+0  00000+0 0  9992
2 27831   0.0477 246.8189 0004567 275.8308 177.1003  1.00270320 48347
1 27831U 03028B   16233.66680764 -.00000165  00000+0  00000+0 0  9993
2 27831   0.0476 246.3127 0004326 273.6187 205.5370  1.00272007 17081
1 27831U 03028B   16233.66680764 -.00000165  00000+0  00000+0 0  9993
2 27831   0.0476 246.3127 0004326 273.6187 205.5370  1.00272007 48355
1 27831U 03028B   16234.61325098 -.00000166  00000+0  00000+0 0  9996
2 27831   0.0458 243.4318 0004503 272.0066 191.6894  1.00271920 48350
1 27831U 03028B   16235.62867376 -.00000168  00000+0  00000+0 0  9990
2 27831   0.0437 239.4341 0004459 278.0212 196.2258  1.00271875 48362
1 27831U 03028B   16236.65888961 -.00000169  00000+0  00000+0 0  9998
2 27831   0.0414 235.0686 0004408 284.8590 205.6451  1.00271582 48386
1 27831U 03028B   16237.51592580 -.00000171  00000+0  00000+0 0  9996
2 27831   0.0397 230.8940 0004363 290.1901 153.8668  1.00271699 17129
1 27831U 03028B   16238.06680557  .00000000  00000+0  10000-3 0  9994
2 27831   0.0245 176.7385 0004281 346.3126 350.7290  1.00266537 48380
1 27831U 03028B   16238.42160041 -.00000173  00000+0  00000+0 0  9992
2 27831   0.0376 226.2242 0004319 296.4213 119.2400  1.00271652 48398
1 27831U 03028B   16238.60623637 -.00000174  00000+0  00000+0 0  9998
2 27831   0.0373 226.0317 0004307 297.0151 185.4897  1.00271654 17136
1 27831U 03028B   16239.49261594 -.00000176  00000+0  00000+0 0  9998
2 27831   0.0354 220.8112 0004266 303.3875 144.3075  1.00271694 48408
1 27831U 03028B   16239.85821252 -.00000177  00000+0  00000+0 0  9992
2 27831   0.0344 218.3574 0004242 306.4111 275.7130  1.00271690 17146
1 27831U 03028B   16240.74909044 -.00000179  00000+0  00000+0 0  9990
2 27831   0.0324 213.6692 0004202 312.1091 236.2964  1.00271708 48422
1 27831U 03028B   16241.56993873 -.00000180  00000+0  00000+0 0  9996
2 27831   0.0310 209.6678 0004176 316.8553 171.8649  1.00271723 17168
1 27831U 03028B   16242.47757468 -.00000180  00000+0  00000+0 0  9995
2 27831   0.0293 204.2800 0004158 323.0306 138.7199  1.00271737 48433
1 27831U 03028B   16242.63458182 -.00000180  00000+0  00000+0 0  9994
2 27831   0.0287 203.3581 0004145 324.0878 195.2621  1.00271751 17174
1 27831U 03028B   16243.09013940  .00000000  00000+0  10000-3 0  9999
2 27831   0.0241 207.2643 0004401 318.7462   1.1313  1.00266805 48430
1 27831U 03028B   16243.60744634 -.00000180  00000+0  00000+0 0  9992
2 27831   0.0270 198.0153 0004131 330.0627 185.8192  1.00271776 48455
1 27831U 03028B   16243.77286884 -.00000180  00000+0  00000+0 0  9998
2 27831   0.0267 196.4818 0004123 331.7021 245.4284  1.00271765 17187
1 27831U 03028B   16244.85306183 -.00000178  00000+0  00000+0 0  9990
2 27831   0.0252 191.2750 0004120 337.4388 274.8318  1.00271788 48469
1 27831U 03028B   16245.08148154  .00000000  00000+0  10000-3 0  9996
2 27831   0.0227 200.3950 0004409 327.1552 358.4409  1.00266920 48466
1 27831U 03028B   16245.08191015  .00000000  00000+0  10000-3 0  9990
2 27831   0.0228 200.5058 0004421 327.4144 358.2225  1.00266834 48460
1 27831U 03028B   16245.76478716 -.00000176  00000+0  00000+0 0  9991
2 27831   0.0239 187.0229 0004129 342.0932 243.5487  1.00271813 17201
1 27831U 03028B   16246.48660454 -.00000174  00000+0  00000+0 0  9991
2 27831   0.0233 184.7107 0004147 344.8189 143.7004  1.00271810 48474
1 27831U 03028B   16246.53452219 -.00000174  00000+0  00000+0 0  9995
2 27831   0.0231 184.4585 0004146 345.0782 160.9909  1.00271826 17210
1 27831U 03028B   16247.49176806 -.00000171  00000+0  00000+0 0  9993
2 27831   0.0224 180.9625 0004167 349.0079 146.1086  1.00271794 48483
1 27831U 03028B   16247.65642679 -.00000171  00000+0  00000+0 0  9997
2 27831   0.0222 179.9390 0004172 350.0522 205.5271  1.00271789 17227
1 27831U 03028B   16248.75713294 -.00000167  00000+0  00000+0 0  9996
2 27831   0.0218 176.2595 0004223 345.8161 250.7950  1.00273361 17232
1 27831U 03028B   16248.75713294 -.00000167  00000+0  00000+0 0  9996
2 27831   0.0218 176.2595 0004223 345.8161 250.7950  1.00273361 48506
1 27831U 03028B   16249.67631654 -.00000165  00000+0  00000+0 0  9995
2 27831   0.0213 173.7297 0004232 349.0443 221.9121  1.00273040 17242
1 27831U 03028B   16250.05537429 -.00000164  00000+0  00000+0 0  9993
2 27831   0.0213 172.7762 0004249 350.0726 358.6730  1.00273016 48513
1 27831U 03028B   16250.06439557  .00000000  00000+0  10000-3 0  9990
2 27831   0.0210 176.9991 0004321 353.4089 354.3456  1.00267022 48518
1 27831U 03028B   16250.06597312  .00000000  00000+0  10000-3 0  9994
2 27831   0.0212 178.0227 0004323 352.5342 354.7654  1.00267001 48510
1 27831U 03028B   16250.68860762 -.00000163  00000+0  00000+0 0  9990
2 27831   0.0214 170.3756 0004274 353.1077 226.6290  1.00272962 17253
1 27831U 03028B   16251.46657145 -.00000161  00000+0  00000+0 0  9994
2 27831   0.0215 168.2629 0004301 355.8359 146.8498  1.00272866 48522
1 27831U 03028B   16251.65184214 -.00000161  00000+0  00000+0 0  9997
2 27831   0.0215 167.1209 0004312 357.1615 213.5469  1.00272851 17267
1 27831U 03028B   16252.48243706 -.00000160  00000+0  00000+0 0  9990
2 27831   0.0218 164.7192 0004346   0.2479 152.6971  1.00272720 48535
1 27831U 03028B   16252.74008657 -.00000160  00000+0  00000+0 0  9993
2 27831   0.0220 163.4085 0004363   2.0679 245.1962  1.00272669 17273
1 27831U 03028B   16253.54330737 -.00000160  00000+0  00000+0 0  9999
2 27831   0.0222 160.7908 0004394   5.6416 174.1929  1.00272516 48540
1 27831U 03028B   16253.72228867 -.00000160  00000+0  00000+0 0  9999
2 27831   0.0226 159.6124 0004406   7.0919 238.5313  1.00272495 17284
1 27831U 03028B   16254.73387227 -.00000160  00000+0  00000+0 0  9997
2 27831   0.0234 156.4977 0004452  11.6061 242.3003  1.00272295 48566
1 27831U 03028B   16255.74644737 -.00000161  00000+0  00000+0 0  9992
2 27831   0.0243 153.6133 0004495  16.0932 246.2234  1.00272062 48574
1 27831U 03028B   16256.88128826 -.00000162  00000+0  00000+0 0  9995
2 27831   0.0254 150.8669 0004541  21.0729 293.6508  1.00271768 48584
1 27831U 03028B   16257.52194537 -.00000162  00000+0  00000+0 0  9999
2 27831   0.0260 149.0853 0004561  23.9992 163.7730  1.00271595 17321
1 27831U 03028B   16258.31299432 -.00000163  00000+0  00000+0 0  9998
2 27831   0.0354 225.3277 0004558 311.3778  85.7094  1.00269993 48593
1 27831U 03028B   16258.51152220 -.00000164  00000+0  00000+0 0  9994
2 27831   0.0350 225.1488 0004630 312.9733 155.9562  1.00268330 17332
1 27831U 03028B   16258.99108787  .00000000  00000+0  10000-3 0  9998
2 27831   0.0284 138.1404 0004299  38.6604 330.3658  1.00266754 48606
1 27831U 03028B   16258.99197361  .00000000  00000+0  10000-3 0  9994
2 27831   0.0283 138.7239 0004293  37.9378 330.8240  1.00266749 48607
1 27831U 03028B   16259.21381950 -.00000164  00000+0  00000+0 0  9996
2 27831   0.0333 222.7775 0004587 313.4590  51.3640  1.00271734 48605
1 27831U 03028B   16259.63779726 -.00000165  00000+0  00000+0 0  9995
2 27831   0.0326 221.8326 0004563 315.0583 203.7606  1.00271794 17341
1 27831U 03028B   16260.45416163 -.00000165  00000+0  00000+0 0  9990
2 27831   0.0311 218.4362 0004577 320.4482 136.4617  1.00271609 48613
1 27831U 03028B   16260.62735247 -.00000166  00000+0  00000+0 0  9997
2 27831   0.0305 217.7741 0004584 321.4177 198.6737  1.00271561 17356
1 27831U 03028B   16261.50218644 -.00000166  00000+0  00000+0 0  9992
2 27831   0.0289 214.9145 0004585 326.2933 152.4586  1.00271369 48628
1 27831U 03028B   16261.70760911 -.00000167  00000+0  00000+0 0  9994
2 27831   0.0282 213.6731 0004595 328.2092 225.9385  1.00271307 17369
1 27831U 03028B   16262.44424325 -.00000168  00000+0  00000+0 0  9993
2 27831   0.0271 211.4323 0004589 332.1331 130.1676  1.00271176 17378
1 27831U 03028B   16262.82065391 -.00000168  00000+0  00000+0 0  9999
2 27831   0.0264 209.6954 0004530 336.2677 263.6392  1.00269302 48642
1 27831U 03028B   16263.31368860 -.00000169  00000+0  00000+0 0  9992
2 27831   0.0256 207.9134 0004461 338.2892  81.3714  1.00268900 17381
1 27831U 03028B   16263.51993811 -.00000169  00000+0  00000+0 0  9994
2 27831   0.0251 207.2231 0004592 329.6157 165.1974  1.00272263 48649
1 27831U 03028B   16264.61152942 -.00000171  00000+0  00000+0 0  9991
2 27831   0.0234 203.0686 0004539 334.3605 198.6588  1.00272412 48660
1 27831U 03028B   16265.86198459 -.00000173  00000+0  00000+0 0  9994
2 27831   0.0225 197.6905 0004492 343.4896 286.3049  1.00272175 48677
1 27831U 03028B   16266.85257807 -.00000176  00000+0  00000+0 0  9990
2 27831   0.0214 193.4690 0004435 349.1156 282.4914  1.00272192 17414
1 27831U 03028B   16266.95057764  .00000000  00000+0  10000-3 0  9991
2 27831   0.0408 121.9127 0004321  57.9261 320.5858  1.00266540 48690
1 27831U 03028B   16266.95256735  .00000000  00000+0  10000-3 0  9990
2 27831   0.0408 122.9213 0004304  57.3163 320.9000  1.00266430 48683
1 27831U 03028B   16267.76901119 -.00000177  00000+0  00000+0 0  9994
2 27831   0.0206 189.4228 0004375 354.5256 251.9477  1.00272225 17424
1 27831U 03028B   16267.76901119 -.00000177  00000+0  00000+0 0  9994
2 27831   0.0206 189.4228 0004375 354.5256 251.9477  1.00272225 48697
1 27831U 03028B   16268.83650034 -.00000179  00000+0  00000+0 0  9992
2 27831   0.0202 185.2294 0004317   0.2689 275.7467  1.00272218 17434
1 27831U 03028B   16268.83650034 -.00000179  00000+0  00000+0 0  9992
2 27831   0.0202 185.2294 0004317   0.2689 275.7467  1.00272218 48708
1 27831U 03028B   16269.89077046 -.00000179  00000+0  00000+0 0  9995
2 27831   0.0199 181.3500 0004267   5.1851 295.2874  1.00272258 17450
1 27831U 03028B   16269.89077046 -.00000179  00000+0  00000+0 0  9995
2 27831   0.0199 181.3500 0004267   5.1851 295.2874  1.00272258 48713
1 27831U 03028B   16270.46297622 -.00000179  00000+0  00000+0 0  9994
2 27831   0.0198 179.3401 0004253   7.6024 141.4383  1.00272290 17453
1 27831U 03028B   16270.60020841 -.00000179  00000+0  00000+0 0  9997
2 27831   0.0198 178.5370 0004241   8.5529 190.8301  1.00272301 17457
1 27831U 03028B   16270.92653153  .00000000  00000+0  10000-3 0  9997
2 27831   0.0480 116.9985 0004301  64.4795 314.2173  1.00266759 48736
1 27831U 03028B   16270.92728602  .00000000  00000+0  10000-3 0  9999
2 27831   0.0480 117.3648 0004300  64.3326 314.2645  1.00266649 48737
1 27831U 03028B   16271.52954859 -.00000178  00000+0  00000+0 0  9993
2 27831   0.0201 175.7371 0004214  12.0820 165.5802  1.00272315 48731
1 27831U 03028B   16272.71507641 -.00000175  00000+0  00000+0 0  9995
2 27831   0.0209 171.3410 0004169  17.1743 232.8438  1.00272403 48746
1 27831U 03028B   16272.85257980 -.00000175  00000+0  00000+0 0  9998
2 27831   0.0209 170.8364 0004165  17.7530 282.4069  1.00272406 17474
1 27831U 03028B   16273.40125898 -.00000173  00000+0  00000+0 0  9990
2 27831   0.0213 169.6441 0004168  19.2615 120.1566  1.00272427 17489
1 27831U 03028B   16274.51189620 -.00000170  00000+0  00000+0 0  9993
2 27831   0.0222 165.9223 0004151  23.4390 160.6265  1.00272384 48756
1 27831U 03028B   16274.60869662 -.00000169  00000+0  00000+0 0  9992
2 27831   0.0224 165.4192 0004149  23.9656 195.5466  1.00272380 17498
