1 35756U 09044B   16214.62083888 -.00000174  00000+0  00000+0 0  9991
2 35756   0.0429 357.2022 0002659 116.2612 216.6954  1.00272299 25467
1 35756U 09044B   16215.63771175 -.00000174  00000+0  00000+0 0  9996
2 35756   0.0426   0.3151 0002649 113.2837 223.6377  1.00272335 25477
1 35756U 09044B   16216.64755091 -.00000173  00000+0  00000+0 0  9996
2 35756   0.0576 318.7208 0002896 154.9359 228.1143  1.00274682 25486
1 35756U 09044B   16216.81673704  .00000000  00000+0  10000-3 0  9998
2 35756   0.0397  20.4794 0002757  97.6558 284.6739  1.00267308 25490
1 35756U 09044B   16217.52271847 -.00000172  00000+0  00000+0 0  9995
2 35756   0.0565 319.7680 0002758 153.3114 184.6117  1.00271629 25494
1 35756U 09044B   16219.51808211 -.00000167  00000+0  00000+0 0  9991
2 35756   0.0539 322.9062 0002632 153.7393 181.3430  1.00272453 25510
1 35756U 09044B   16219.62120363 -.00000167  00000+0  00000+0 0  9998
2 35756   0.0538 323.2441 0002641 153.3619 218.6079  1.00272430 25452
1 35756U 09044B   16220.55307582 -.00000165  00000+0  00000+0 0  9990
2 35756   0.0527 325.0115 0002693 151.1529 195.4438  1.00272464 25527
1 35756U 09044B   16220.62931234 -.00000164  00000+0  00000+0 0  9994
2 35756   0.0526 325.1028 0002700 151.0683 222.9573  1.00272439 25460
1 35756U 09044B   16221.55398455 -.00000162  00000+0  00000+0 0  9997
2 35756   0.0516 326.9683 0002717 152.5389 193.4145  1.00272268 25537
1 35756U 09044B   16221.64024442 -.00000162  00000+0  00000+0 0  9999
2 35756   0.0515 327.3254 0002722 152.4048 224.3299  1.00272243 25472
1 35756U 09044B   16222.83693088 -.00000159  00000+0  00000+0 0  9995
2 35756   0.0502 329.9158 0002777 151.0451 295.0868  1.00272155 25550
1 35756U 09044B   16223.57978019 -.00000158  00000+0  00000+0 0  9996
2 35756   0.0498 331.7004 0002800 150.1656 202.3400  1.00272072 25493
1 35756U 09044B   16223.80956211  .00000000  00000+0  10000-3 0  9992
2 35756   0.0405  27.7137 0002573 104.5023 274.9085  1.00267250 25562
1 35756U 09044B   16223.81152269  .00000000  00000+0  10000-3 0  9994
2 35756   0.0405  28.6964 0002572 103.4826 275.6532  1.00267248 25560
1 35756U 09044B   16224.32271575 -.00000157  00000+0  00000+0 0  9992
2 35756   0.0491 333.6269 0002834 149.2995 109.4682  1.00271961 25565
1 35756U 09044B   16224.57289991 -.00000157  00000+0  00000+0 0  9990
2 35756   0.0491 334.2337 0002836 149.0634 199.4106  1.00271926 25503
1 35756U 09044B   16225.63510942 -.00000157  00000+0  00000+0 0  9991
2 35756   0.0486 337.1906 0002864 147.9260 221.0328  1.00271753 25577
1 35756U 09044B   16226.55660113 -.00000157  00000+0  00000+0 0  9999
2 35756   0.0483 339.4823 0002883 147.3733 191.9380  1.00271590 25524
1 35756U 09044B   16227.40743829 -.00000157  00000+0  00000+0 0  9990
2 35756   0.0478 341.6837 0002905 146.8260 137.4219  1.00271394 25597
1 35756U 09044B   16227.55465900 -.00000157  00000+0  00000+0 0  9997
2 35756   0.0480 341.7786 0002897 147.0803 190.2171  1.00271362 25533
1 35756U 09044B   16228.44667520 -.00000158  00000+0  00000+0 0  9999
2 35756   0.0479 343.8672 0002900 147.4697 149.7410  1.00271113 25605
1 35756U 09044B   16229.61899884 -.00000160  00000+0  00000+0 0  9992
2 35756   0.0579 311.7012 0002905 181.8292 210.7343  1.00270457 25611
1 35756U 09044B   16230.62739355 -.00000161  00000+0  00000+0 0  9992
2 35756   0.0565 312.8355 0002878 183.4796 211.9596  1.00270173 25623
1 35756U 09044B   16231.53243707 -.00000163  00000+0  00000+0 0  9996
2 35756   0.0554 314.0358 0002840 185.0893 175.8508  1.00269930 25577
1 35756U 09044B   16232.50952263 -.00000164  00000+0  00000+0 0  9999
2 35756   0.0540 315.5276 0002793 186.4807 165.6739  1.00269695 25643
1 35756U 09044B   16233.41425689 -.00000164  00000+0  00000+0 0  9997
2 35756   0.0528 316.9541 0002803 183.0903 134.2502  1.00272735 25651
1 35756U 09044B   16233.66680764 -.00000165  00000+0  00000+0 0  9992
2 35756   0.0526 317.7030 0002801 182.9202 224.8398  1.00272697 25598
1 35756U 09044B   16234.61325098 -.00000166  00000+0  00000+0 0  9995
2 35756   0.0519 318.6391 0002735 184.4607 204.0179  1.00272520 25662
1 35756U 09044B   16235.62867376 -.00000168  00000+0  00000+0 0  9999
2 35756   0.0509 320.5479 0002659 185.2544 207.8701  1.00272340 25677
1 35756U 09044B   16236.47827245 -.00000169  00000+0  00000+0 0  9995
2 35756   0.0499 323.0416 0002594 184.6942 152.6305  1.00272240 25628
1 35756U 09044B   16237.51592580 -.00000171  00000+0  00000+0 0  9995
2 35756   0.0497 324.8808 0002517 185.2590 164.8054  1.00272153 25697
1 35756U 09044B   16238.66247645 -.00000174  00000+0  00000+0 0  9994
2 35756   0.0500 328.1948 0002434 184.4617 216.1779  1.00272087 25717
1 35756U 09044B   16238.69646267  .00000000  00000+0  10000-3 0  9992
2 35756   0.0399 353.0742 0002563 163.0726 224.9107  1.00266195 25714
1 35756U 09044B   16239.85821252 -.00000177  00000+0  00000+0 0  9991
2 35756   0.0504 330.9118 0002354 183.6125 285.9547  1.00272090 25729
1 35756U 09044B   16241.50345422 -.00000180  00000+0  00000+0 0  9990
2 35756   0.0515 334.8287 0002276 181.1905 158.3689  1.00272123 25731
1 35756U 09044B   16241.56993873 -.00000180  00000+0  00000+0 0  9995
2 35756   0.0514 335.1029 0002269 180.9806 182.3046  1.00272124 25675
1 35756U 09044B   16242.53660377 -.00000180  00000+0  00000+0 0  9993
2 35756   0.0535 336.4610 0002237 180.2598 170.6199  1.00272144 25743
1 35756U 09044B   16243.60744634 -.00000180  00000+0  00000+0 0  9991
2 35756   0.0568 340.9361 0002210 176.0274 196.9365  1.00272147 25757
1 35756U 09044B   16243.73742589  .00000000  00000+0  10000-3 0  9997
2 35756   0.0387   1.6779 0002521 160.0077 239.1000  1.00266502 25764
1 35756U 09044B   16244.74477811  .00000000  00000+0  10000-3 0  9992
2 35756   0.0397   5.2691 0002498 157.7908 241.3756  1.00266758 25774
1 35756U 09044B   16244.76834286 -.00000179  00000+0  00000+0 0  9990
2 35756   0.0225 348.6064 0002188 167.8920 256.4765  1.00269482 25778
1 35756U 09044B   16244.85306183 -.00000179  00000+0  00000+0 0  9990
2 35756   0.0223 348.5659 0002189 167.5365 287.4550  1.00269509 25716
1 35756U 09044B   16245.62546845 -.00000177  00000+0  00000+0 0  9995
2 35756   0.0219 349.0677 0002194 170.8175 202.4988  1.00269464 25788
1 35756U 09044B   16245.74300251  .00000000  00000+0  10000-3 0  9996
2 35756   0.0401   5.7069 0002472 157.0501 242.0205  1.00266710 25784
1 35756U 09044B   16245.76478716 -.00000176  00000+0  00000+0 0  9990
2 35756   0.0217 349.1270 0002226 171.0522 252.4965  1.00269436 25713
1 35756U 09044B   16247.65642679 -.00000171  00000+0  00000+0 0  9996
2 35756   0.0215 352.0649 0002339 165.0045 218.4644  1.00269955 25804
1 35756U 09044B   16247.71174600 -.00000171  00000+0  00000+0 0  9997
2 35756   0.0215 352.2383 0002349 163.3919 239.8739  1.00270022 25734
1 35756U 09044B   16249.65839325  .00000000  00000+0  10000-3 0  9999
2 35756   0.0419 355.3430 0002417 170.8374 212.0126  1.00267040 25820
1 35756U 09044B   16250.45766981 -.00000163  00000+0  00000+0 0  9992
2 35756   0.0502 350.7694 0002336 158.0550 157.9216  1.00271968 25829
1 35756U 09044B   16250.45766981 -.00000163  00000+0  00000+0 0  9992
2 35756   0.0572 332.5473 0002476 181.2097 152.9918  1.00272578 25820
1 35756U 09044B   16250.45766981 -.00000163  00000+0  00000+0 0  9992
2 35756   0.0572 332.5315 0002490 179.0639 155.1536  1.00272610 25769
1 35756U 09044B   16250.64825557  .00000000  00000+0  10000-3 0  9992
2 35756   0.0418 355.3377 0002417 170.0669 210.1130  1.00267017 25837
1 35756U 09044B   16251.65184214 -.00000161  00000+0  00000+0 0  9996
2 35756   0.0578 335.3426 0002529 178.7863 223.7011  1.00272434 25840
1 35756U 09044B   16252.59416325 -.00000160  00000+0  00000+0 0  9990
2 35756   0.0586 337.8353 0002535 178.4700 201.6906  1.00272218 25780
1 35756U 09044B   16252.74008657 -.00000160  00000+0  00000+0 0  9992
2 35756   0.0587 337.9998 0002544 178.6321 254.0404  1.00272181 25850
1 35756U 09044B   16254.61682553 -.00000160  00000+0  00000+0 0  9993
2 35756   0.0523 340.6849 0002534 177.8889 209.5734  1.00271849 25878
1 35756U 09044B   16255.74644737 -.00000161  00000+0  00000+0 0  9991
2 35756   0.0519 343.5562 0002570 177.6796 254.6875  1.00271594 25887
1 35756U 09044B   16256.21945637 -.00000162  00000+0  00000+0 0  9998
2 35756   0.0223  33.0130 0002671 134.3689  59.2789  1.00268884 25885
1 35756U 09044B   16256.88264127 -.00000163  00000+0  00000+0 0  9990
2 35756   0.0218  35.8486 0002676 133.9060 296.3046  1.00268628 25837
1 35756U 09044B   16257.43106554 -.00000163  00000+0  00000+0 0  9991
2 35756   0.0215  37.8198 0002702 133.4362 132.7750  1.00268546 25896
1 35756U 09044B   16257.59069531 -.00000163  00000+0  00000+0 0  9991
2 35756   0.0217  38.1644 0002703 133.5471 189.9432  1.00268514 25831
1 35756U 09044B   16259.21383073 -.00000165  00000+0  00000+0 0  9994
2 35756   0.0176 342.5795 0002678 199.0963  45.8991  1.00268076 25910
1 35756U 09044B   16259.43200508 -.00000165  00000+0  00000+0 0  9999
2 35756   0.0176 342.6283 0002696 199.7917 123.9116  1.00268030 25859
1 35756U 09044B   16260.62735247 -.00000166  00000+0  00000+0 0  9996
2 35756   0.0175 345.3372 0002668 188.0621 204.4384  1.00270555 25935
1 35756U 09044B   16261.65001470 -.00000167  00000+0  00000+0 0  9995
2 35756   0.0179 348.9603 0002615 187.6079 210.4375  1.00270515 25943
1 35756U 09044B   16262.82065391 -.00000168  00000+0  00000+0 0  9998
2 35756   0.0187 353.9991 0002565 189.8322 265.7589  1.00270450 25899
1 35756U 09044B   16262.82065391 -.00000168  00000+0  00000+0 0  9998
2 35756   0.0187 353.9991 0002565 189.8322 265.7589  1.00270450 25956
1 35756U 09044B   16263.48160323 -.00000169  00000+0  00000+0 0  9993
2 35756   0.0195 358.3106 0002510 187.6942 142.1790  1.00270484 25898
1 35756U 09044B   16264.43896870 -.00000171  00000+0  00000+0 0  9995
2 35756   0.0201   4.1260 0002455 183.4308 126.2234  1.00270523 25969
1 35756U 09044B   16265.39783785 -.00000172  00000+0  00000+0 0  9992
2 35756   0.0524 350.6468 0002403 199.2283 110.0569  1.00272229 25974
1 35756U 09044B   16265.86198459 -.00000174  00000+0  00000+0 0  9994
2 35756   0.0206  13.7262 0002405 177.4718 276.2732  1.00270449 25983
1 35756U 09044B   16266.69273662  .00000000  00000+0  10000-3 0  9998
2 35756   0.0451  27.5510 0002339 156.4936 223.2748  1.00266094 25990
1 35756U 09044B   16266.69690595  .00000000  00000+0  10000-3 0  9996
2 35756   0.0452  28.6437 0002352 154.2241 225.9666  1.00266262 25996
1 35756U 09044B   16266.85257807 -.00000176  00000+0  00000+0 0  9999
2 35756   0.0207  20.6223 0002354 171.8669 272.5737  1.00270340 25933
1 35756U 09044B   16267.76901119 -.00000178  00000+0  00000+0 0  9994
2 35756   0.0208  26.7082 0002306 166.7411 242.4345  1.00270240 25939
1 35756U 09044B   16267.76901119 -.00000178  00000+0  00000+0 0  9994
2 35756   0.0208  26.7082 0002306 166.7411 242.4345  1.00270240 26008
1 35756U 09044B   16268.83650034 -.00000179  00000+0  00000+0 0  9991
2 35756   0.0207  31.9156 0002257 162.4491 266.8686  1.00270048 25950
1 35756U 09044B   16268.83650034 -.00000179  00000+0  00000+0 0  9991
2 35756   0.0207  31.9156 0002257 162.4491 266.8686  1.00270048 26018
1 35756U 09044B   16269.89077046 -.00000180  00000+0  00000+0 0  9996
2 35756   0.0206  35.9984 0002214 158.9587 286.8536  1.00269876 25965
1 35756U 09044B   16269.89077046 -.00000180  00000+0  00000+0 0  9996
2 35756   0.0206  35.9984 0002214 158.9587 286.8536  1.00269876 26023
1 35756U 09044B   16270.46297622 -.00000180  00000+0  00000+0 0  9995
2 35756   0.0205  37.5862 0002206 157.1391 133.6432  1.00269791 25962
1 35756U 09044B   16270.60020078 -.00000180  00000+0  00000+0 0  9990
2 35756   0.0206  38.0970 0002197 156.5638 183.2437  1.00269771 25969
1 35756U 09044B   16270.72268884  .00000000  00000+0  10000-3 0  9997
2 35756   0.0492  37.0305 0002357 148.6109 236.4580  1.00266605 26032
1 35756U 09044B   16271.62952811 -.00000178  00000+0  00000+0 0  9999
2 35756   0.0206  40.0630 0002173 154.9703 194.4439  1.00269734 26049
1 35756U 09044B   16271.72227019  .00000000  00000+0  10000-3 0  9993
2 35756   0.0505  37.4001 0002354 147.6427 237.8921  1.00266586 26046
